4096 4095
1 2 1000
2 3 1000
3 4 1000
4 5 1000
5 6 1000
6 7 1000
7 8 1000
8 9 1000
9 10 1000
10 11 1000
11 12 1000
12 13 1000
13 14 1000
14 15 1000
15 16 1000
16 17 1000
17 18 1000
18 19 1000
19 20 1000
20 21 1000
21 22 1000
22 23 1000
23 24 1000
24 25 1000
25 26 1000
26 27 1000
27 28 1000
28 29 1000
29 30 1000
30 31 1000
31 32 1000
32 33 1000
33 34 1000
34 35 1000
35 36 1000
36 37 1000
37 38 1000
38 39 1000
39 40 1000
40 41 1000
41 42 1000
42 43 1000
43 44 1000
44 45 1000
45 46 1000
46 47 1000
47 48 1000
48 49 1000
49 50 1000
50 51 1000
51 52 1000
52 53 1000
53 54 1000
54 55 1000
55 56 1000
56 57 1000
57 58 1000
58 59 1000
59 60 1000
60 61 1000
61 62 1000
62 63 1000
63 64 1000
64 65 1000
65 66 1000
66 67 1000
67 68 1000
68 69 1000
69 70 1000
70 71 1000
71 72 1000
72 73 1000
73 74 1000
74 75 1000
75 76 1000
76 77 1000
77 78 1000
78 79 1000
79 80 1000
80 81 1000
81 82 1000
82 83 1000
83 84 1000
84 85 1000
85 86 1000
86 87 1000
87 88 1000
88 89 1000
89 90 1000
90 91 1000
91 92 1000
92 93 1000
93 94 1000
94 95 1000
95 96 1000
96 97 1000
97 98 1000
98 99 1000
99 100 1000
100 101 1000
101 102 1000
102 103 1000
103 104 1000
104 105 1000
105 106 1000
106 107 1000
107 108 1000
108 109 1000
109 110 1000
110 111 1000
111 112 1000
112 113 1000
113 114 1000
114 115 1000
115 116 1000
116 117 1000
117 118 1000
118 119 1000
119 120 1000
120 121 1000
121 122 1000
122 123 1000
123 124 1000
124 125 1000
125 126 1000
126 127 1000
127 128 1000
128 129 1000
129 130 1000
130 131 1000
131 132 1000
132 133 1000
133 134 1000
134 135 1000
135 136 1000
136 137 1000
137 138 1000
138 139 1000
139 140 1000
140 141 1000
141 142 1000
142 143 1000
143 144 1000
144 145 1000
145 146 1000
146 147 1000
147 148 1000
148 149 1000
149 150 1000
150 151 1000
151 152 1000
152 153 1000
153 154 1000
154 155 1000
155 156 1000
156 157 1000
157 158 1000
158 159 1000
159 160 1000
160 161 1000
161 162 1000
162 163 1000
163 164 1000
164 165 1000
165 166 1000
166 167 1000
167 168 1000
168 169 1000
169 170 1000
170 171 1000
171 172 1000
172 173 1000
173 174 1000
174 175 1000
175 176 1000
176 177 1000
177 178 1000
178 179 1000
179 180 1000
180 181 1000
181 182 1000
182 183 1000
183 184 1000
184 185 1000
185 186 1000
186 187 1000
187 188 1000
188 189 1000
189 190 1000
190 191 1000
191 192 1000
192 193 1000
193 194 1000
194 195 1000
195 196 1000
196 197 1000
197 198 1000
198 199 1000
199 200 1000
200 201 1000
201 202 1000
202 203 1000
203 204 1000
204 205 1000
205 206 1000
206 207 1000
207 208 1000
208 209 1000
209 210 1000
210 211 1000
211 212 1000
212 213 1000
213 214 1000
214 215 1000
215 216 1000
216 217 1000
217 218 1000
218 219 1000
219 220 1000
220 221 1000
221 222 1000
222 223 1000
223 224 1000
224 225 1000
225 226 1000
226 227 1000
227 228 1000
228 229 1000
229 230 1000
230 231 1000
231 232 1000
232 233 1000
233 234 1000
234 235 1000
235 236 1000
236 237 1000
237 238 1000
238 239 1000
239 240 1000
240 241 1000
241 242 1000
242 243 1000
243 244 1000
244 245 1000
245 246 1000
246 247 1000
247 248 1000
248 249 1000
249 250 1000
250 251 1000
251 252 1000
252 253 1000
253 254 1000
254 255 1000
255 256 1000
256 257 1000
257 258 1000
258 259 1000
259 260 1000
260 261 1000
261 262 1000
262 263 1000
263 264 1000
264 265 1000
265 266 1000
266 267 1000
267 268 1000
268 269 1000
269 270 1000
270 271 1000
271 272 1000
272 273 1000
273 274 1000
274 275 1000
275 276 1000
276 277 1000
277 278 1000
278 279 1000
279 280 1000
280 281 1000
281 282 1000
282 283 1000
283 284 1000
284 285 1000
285 286 1000
286 287 1000
287 288 1000
288 289 1000
289 290 1000
290 291 1000
291 292 1000
292 293 1000
293 294 1000
294 295 1000
295 296 1000
296 297 1000
297 298 1000
298 299 1000
299 300 1000
300 301 1000
301 302 1000
302 303 1000
303 304 1000
304 305 1000
305 306 1000
306 307 1000
307 308 1000
308 309 1000
309 310 1000
310 311 1000
311 312 1000
312 313 1000
313 314 1000
314 315 1000
315 316 1000
316 317 1000
317 318 1000
318 319 1000
319 320 1000
320 321 1000
321 322 1000
322 323 1000
323 324 1000
324 325 1000
325 326 1000
326 327 1000
327 328 1000
328 329 1000
329 330 1000
330 331 1000
331 332 1000
332 333 1000
333 334 1000
334 335 1000
335 336 1000
336 337 1000
337 338 1000
338 339 1000
339 340 1000
340 341 1000
341 342 1000
342 343 1000
343 344 1000
344 345 1000
345 346 1000
346 347 1000
347 348 1000
348 349 1000
349 350 1000
350 351 1000
351 352 1000
352 353 1000
353 354 1000
354 355 1000
355 356 1000
356 357 1000
357 358 1000
358 359 1000
359 360 1000
360 361 1000
361 362 1000
362 363 1000
363 364 1000
364 365 1000
365 366 1000
366 367 1000
367 368 1000
368 369 1000
369 370 1000
370 371 1000
371 372 1000
372 373 1000
373 374 1000
374 375 1000
375 376 1000
376 377 1000
377 378 1000
378 379 1000
379 380 1000
380 381 1000
381 382 1000
382 383 1000
383 384 1000
384 385 1000
385 386 1000
386 387 1000
387 388 1000
388 389 1000
389 390 1000
390 391 1000
391 392 1000
392 393 1000
393 394 1000
394 395 1000
395 396 1000
396 397 1000
397 398 1000
398 399 1000
399 400 1000
400 401 1000
401 402 1000
402 403 1000
403 404 1000
404 405 1000
405 406 1000
406 407 1000
407 408 1000
408 409 1000
409 410 1000
410 411 1000
411 412 1000
412 413 1000
413 414 1000
414 415 1000
415 416 1000
416 417 1000
417 418 1000
418 419 1000
419 420 1000
420 421 1000
421 422 1000
422 423 1000
423 424 1000
424 425 1000
425 426 1000
426 427 1000
427 428 1000
428 429 1000
429 430 1000
430 431 1000
431 432 1000
432 433 1000
433 434 1000
434 435 1000
435 436 1000
436 437 1000
437 438 1000
438 439 1000
439 440 1000
440 441 1000
441 442 1000
442 443 1000
443 444 1000
444 445 1000
445 446 1000
446 447 1000
447 448 1000
448 449 1000
449 450 1000
450 451 1000
451 452 1000
452 453 1000
453 454 1000
454 455 1000
455 456 1000
456 457 1000
457 458 1000
458 459 1000
459 460 1000
460 461 1000
461 462 1000
462 463 1000
463 464 1000
464 465 1000
465 466 1000
466 467 1000
467 468 1000
468 469 1000
469 470 1000
470 471 1000
471 472 1000
472 473 1000
473 474 1000
474 475 1000
475 476 1000
476 477 1000
477 478 1000
478 479 1000
479 480 1000
480 481 1000
481 482 1000
482 483 1000
483 484 1000
484 485 1000
485 486 1000
486 487 1000
487 488 1000
488 489 1000
489 490 1000
490 491 1000
491 492 1000
492 493 1000
493 494 1000
494 495 1000
495 496 1000
496 497 1000
497 498 1000
498 499 1000
499 500 1000
500 501 1000
501 502 1000
502 503 1000
503 504 1000
504 505 1000
505 506 1000
506 507 1000
507 508 1000
508 509 1000
509 510 1000
510 511 1000
511 512 1000
512 513 1000
513 514 1000
514 515 1000
515 516 1000
516 517 1000
517 518 1000
518 519 1000
519 520 1000
520 521 1000
521 522 1000
522 523 1000
523 524 1000
524 525 1000
525 526 1000
526 527 1000
527 528 1000
528 529 1000
529 530 1000
530 531 1000
531 532 1000
532 533 1000
533 534 1000
534 535 1000
535 536 1000
536 537 1000
537 538 1000
538 539 1000
539 540 1000
540 541 1000
541 542 1000
542 543 1000
543 544 1000
544 545 1000
545 546 1000
546 547 1000
547 548 1000
548 549 1000
549 550 1000
550 551 1000
551 552 1000
552 553 1000
553 554 1000
554 555 1000
555 556 1000
556 557 1000
557 558 1000
558 559 1000
559 560 1000
560 561 1000
561 562 1000
562 563 1000
563 564 1000
564 565 1000
565 566 1000
566 567 1000
567 568 1000
568 569 1000
569 570 1000
570 571 1000
571 572 1000
572 573 1000
573 574 1000
574 575 1000
575 576 1000
576 577 1000
577 578 1000
578 579 1000
579 580 1000
580 581 1000
581 582 1000
582 583 1000
583 584 1000
584 585 1000
585 586 1000
586 587 1000
587 588 1000
588 589 1000
589 590 1000
590 591 1000
591 592 1000
592 593 1000
593 594 1000
594 595 1000
595 596 1000
596 597 1000
597 598 1000
598 599 1000
599 600 1000
600 601 1000
601 602 1000
602 603 1000
603 604 1000
604 605 1000
605 606 1000
606 607 1000
607 608 1000
608 609 1000
609 610 1000
610 611 1000
611 612 1000
612 613 1000
613 614 1000
614 615 1000
615 616 1000
616 617 1000
617 618 1000
618 619 1000
619 620 1000
620 621 1000
621 622 1000
622 623 1000
623 624 1000
624 625 1000
625 626 1000
626 627 1000
627 628 1000
628 629 1000
629 630 1000
630 631 1000
631 632 1000
632 633 1000
633 634 1000
634 635 1000
635 636 1000
636 637 1000
637 638 1000
638 639 1000
639 640 1000
640 641 1000
641 642 1000
642 643 1000
643 644 1000
644 645 1000
645 646 1000
646 647 1000
647 648 1000
648 649 1000
649 650 1000
650 651 1000
651 652 1000
652 653 1000
653 654 1000
654 655 1000
655 656 1000
656 657 1000
657 658 1000
658 659 1000
659 660 1000
660 661 1000
661 662 1000
662 663 1000
663 664 1000
664 665 1000
665 666 1000
666 667 1000
667 668 1000
668 669 1000
669 670 1000
670 671 1000
671 672 1000
672 673 1000
673 674 1000
674 675 1000
675 676 1000
676 677 1000
677 678 1000
678 679 1000
679 680 1000
680 681 1000
681 682 1000
682 683 1000
683 684 1000
684 685 1000
685 686 1000
686 687 1000
687 688 1000
688 689 1000
689 690 1000
690 691 1000
691 692 1000
692 693 1000
693 694 1000
694 695 1000
695 696 1000
696 697 1000
697 698 1000
698 699 1000
699 700 1000
700 701 1000
701 702 1000
702 703 1000
703 704 1000
704 705 1000
705 706 1000
706 707 1000
707 708 1000
708 709 1000
709 710 1000
710 711 1000
711 712 1000
712 713 1000
713 714 1000
714 715 1000
715 716 1000
716 717 1000
717 718 1000
718 719 1000
719 720 1000
720 721 1000
721 722 1000
722 723 1000
723 724 1000
724 725 1000
725 726 1000
726 727 1000
727 728 1000
728 729 1000
729 730 1000
730 731 1000
731 732 1000
732 733 1000
733 734 1000
734 735 1000
735 736 1000
736 737 1000
737 738 1000
738 739 1000
739 740 1000
740 741 1000
741 742 1000
742 743 1000
743 744 1000
744 745 1000
745 746 1000
746 747 1000
747 748 1000
748 749 1000
749 750 1000
750 751 1000
751 752 1000
752 753 1000
753 754 1000
754 755 1000
755 756 1000
756 757 1000
757 758 1000
758 759 1000
759 760 1000
760 761 1000
761 762 1000
762 763 1000
763 764 1000
764 765 1000
765 766 1000
766 767 1000
767 768 1000
768 769 1000
769 770 1000
770 771 1000
771 772 1000
772 773 1000
773 774 1000
774 775 1000
775 776 1000
776 777 1000
777 778 1000
778 779 1000
779 780 1000
780 781 1000
781 782 1000
782 783 1000
783 784 1000
784 785 1000
785 786 1000
786 787 1000
787 788 1000
788 789 1000
789 790 1000
790 791 1000
791 792 1000
792 793 1000
793 794 1000
794 795 1000
795 796 1000
796 797 1000
797 798 1000
798 799 1000
799 800 1000
800 801 1000
801 802 1000
802 803 1000
803 804 1000
804 805 1000
805 806 1000
806 807 1000
807 808 1000
808 809 1000
809 810 1000
810 811 1000
811 812 1000
812 813 1000
813 814 1000
814 815 1000
815 816 1000
816 817 1000
817 818 1000
818 819 1000
819 820 1000
820 821 1000
821 822 1000
822 823 1000
823 824 1000
824 825 1000
825 826 1000
826 827 1000
827 828 1000
828 829 1000
829 830 1000
830 831 1000
831 832 1000
832 833 1000
833 834 1000
834 835 1000
835 836 1000
836 837 1000
837 838 1000
838 839 1000
839 840 1000
840 841 1000
841 842 1000
842 843 1000
843 844 1000
844 845 1000
845 846 1000
846 847 1000
847 848 1000
848 849 1000
849 850 1000
850 851 1000
851 852 1000
852 853 1000
853 854 1000
854 855 1000
855 856 1000
856 857 1000
857 858 1000
858 859 1000
859 860 1000
860 861 1000
861 862 1000
862 863 1000
863 864 1000
864 865 1000
865 866 1000
866 867 1000
867 868 1000
868 869 1000
869 870 1000
870 871 1000
871 872 1000
872 873 1000
873 874 1000
874 875 1000
875 876 1000
876 877 1000
877 878 1000
878 879 1000
879 880 1000
880 881 1000
881 882 1000
882 883 1000
883 884 1000
884 885 1000
885 886 1000
886 887 1000
887 888 1000
888 889 1000
889 890 1000
890 891 1000
891 892 1000
892 893 1000
893 894 1000
894 895 1000
895 896 1000
896 897 1000
897 898 1000
898 899 1000
899 900 1000
900 901 1000
901 902 1000
902 903 1000
903 904 1000
904 905 1000
905 906 1000
906 907 1000
907 908 1000
908 909 1000
909 910 1000
910 911 1000
911 912 1000
912 913 1000
913 914 1000
914 915 1000
915 916 1000
916 917 1000
917 918 1000
918 919 1000
919 920 1000
920 921 1000
921 922 1000
922 923 1000
923 924 1000
924 925 1000
925 926 1000
926 927 1000
927 928 1000
928 929 1000
929 930 1000
930 931 1000
931 932 1000
932 933 1000
933 934 1000
934 935 1000
935 936 1000
936 937 1000
937 938 1000
938 939 1000
939 940 1000
940 941 1000
941 942 1000
942 943 1000
943 944 1000
944 945 1000
945 946 1000
946 947 1000
947 948 1000
948 949 1000
949 950 1000
950 951 1000
951 952 1000
952 953 1000
953 954 1000
954 955 1000
955 956 1000
956 957 1000
957 958 1000
958 959 1000
959 960 1000
960 961 1000
961 962 1000
962 963 1000
963 964 1000
964 965 1000
965 966 1000
966 967 1000
967 968 1000
968 969 1000
969 970 1000
970 971 1000
971 972 1000
972 973 1000
973 974 1000
974 975 1000
975 976 1000
976 977 1000
977 978 1000
978 979 1000
979 980 1000
980 981 1000
981 982 1000
982 983 1000
983 984 1000
984 985 1000
985 986 1000
986 987 1000
987 988 1000
988 989 1000
989 990 1000
990 991 1000
991 992 1000
992 993 1000
993 994 1000
994 995 1000
995 996 1000
996 997 1000
997 998 1000
998 999 1000
999 1000 1000
1000 1001 1000
1001 1002 1000
1002 1003 1000
1003 1004 1000
1004 1005 1000
1005 1006 1000
1006 1007 1000
1007 1008 1000
1008 1009 1000
1009 1010 1000
1010 1011 1000
1011 1012 1000
1012 1013 1000
1013 1014 1000
1014 1015 1000
1015 1016 1000
1016 1017 1000
1017 1018 1000
1018 1019 1000
1019 1020 1000
1020 1021 1000
1021 1022 1000
1022 1023 1000
1023 1024 1000
1024 1025 1000
1025 1026 1000
1026 1027 1000
1027 1028 1000
1028 1029 1000
1029 1030 1000
1030 1031 1000
1031 1032 1000
1032 1033 1000
1033 1034 1000
1034 1035 1000
1035 1036 1000
1036 1037 1000
1037 1038 1000
1038 1039 1000
1039 1040 1000
1040 1041 1000
1041 1042 1000
1042 1043 1000
1043 1044 1000
1044 1045 1000
1045 1046 1000
1046 1047 1000
1047 1048 1000
1048 1049 1000
1049 1050 1000
1050 1051 1000
1051 1052 1000
1052 1053 1000
1053 1054 1000
1054 1055 1000
1055 1056 1000
1056 1057 1000
1057 1058 1000
1058 1059 1000
1059 1060 1000
1060 1061 1000
1061 1062 1000
1062 1063 1000
1063 1064 1000
1064 1065 1000
1065 1066 1000
1066 1067 1000
1067 1068 1000
1068 1069 1000
1069 1070 1000
1070 1071 1000
1071 1072 1000
1072 1073 1000
1073 1074 1000
1074 1075 1000
1075 1076 1000
1076 1077 1000
1077 1078 1000
1078 1079 1000
1079 1080 1000
1080 1081 1000
1081 1082 1000
1082 1083 1000
1083 1084 1000
1084 1085 1000
1085 1086 1000
1086 1087 1000
1087 1088 1000
1088 1089 1000
1089 1090 1000
1090 1091 1000
1091 1092 1000
1092 1093 1000
1093 1094 1000
1094 1095 1000
1095 1096 1000
1096 1097 1000
1097 1098 1000
1098 1099 1000
1099 1100 1000
1100 1101 1000
1101 1102 1000
1102 1103 1000
1103 1104 1000
1104 1105 1000
1105 1106 1000
1106 1107 1000
1107 1108 1000
1108 1109 1000
1109 1110 1000
1110 1111 1000
1111 1112 1000
1112 1113 1000
1113 1114 1000
1114 1115 1000
1115 1116 1000
1116 1117 1000
1117 1118 1000
1118 1119 1000
1119 1120 1000
1120 1121 1000
1121 1122 1000
1122 1123 1000
1123 1124 1000
1124 1125 1000
1125 1126 1000
1126 1127 1000
1127 1128 1000
1128 1129 1000
1129 1130 1000
1130 1131 1000
1131 1132 1000
1132 1133 1000
1133 1134 1000
1134 1135 1000
1135 1136 1000
1136 1137 1000
1137 1138 1000
1138 1139 1000
1139 1140 1000
1140 1141 1000
1141 1142 1000
1142 1143 1000
1143 1144 1000
1144 1145 1000
1145 1146 1000
1146 1147 1000
1147 1148 1000
1148 1149 1000
1149 1150 1000
1150 1151 1000
1151 1152 1000
1152 1153 1000
1153 1154 1000
1154 1155 1000
1155 1156 1000
1156 1157 1000
1157 1158 1000
1158 1159 1000
1159 1160 1000
1160 1161 1000
1161 1162 1000
1162 1163 1000
1163 1164 1000
1164 1165 1000
1165 1166 1000
1166 1167 1000
1167 1168 1000
1168 1169 1000
1169 1170 1000
1170 1171 1000
1171 1172 1000
1172 1173 1000
1173 1174 1000
1174 1175 1000
1175 1176 1000
1176 1177 1000
1177 1178 1000
1178 1179 1000
1179 1180 1000
1180 1181 1000
1181 1182 1000
1182 1183 1000
1183 1184 1000
1184 1185 1000
1185 1186 1000
1186 1187 1000
1187 1188 1000
1188 1189 1000
1189 1190 1000
1190 1191 1000
1191 1192 1000
1192 1193 1000
1193 1194 1000
1194 1195 1000
1195 1196 1000
1196 1197 1000
1197 1198 1000
1198 1199 1000
1199 1200 1000
1200 1201 1000
1201 1202 1000
1202 1203 1000
1203 1204 1000
1204 1205 1000
1205 1206 1000
1206 1207 1000
1207 1208 1000
1208 1209 1000
1209 1210 1000
1210 1211 1000
1211 1212 1000
1212 1213 1000
1213 1214 1000
1214 1215 1000
1215 1216 1000
1216 1217 1000
1217 1218 1000
1218 1219 1000
1219 1220 1000
1220 1221 1000
1221 1222 1000
1222 1223 1000
1223 1224 1000
1224 1225 1000
1225 1226 1000
1226 1227 1000
1227 1228 1000
1228 1229 1000
1229 1230 1000
1230 1231 1000
1231 1232 1000
1232 1233 1000
1233 1234 1000
1234 1235 1000
1235 1236 1000
1236 1237 1000
1237 1238 1000
1238 1239 1000
1239 1240 1000
1240 1241 1000
1241 1242 1000
1242 1243 1000
1243 1244 1000
1244 1245 1000
1245 1246 1000
1246 1247 1000
1247 1248 1000
1248 1249 1000
1249 1250 1000
1250 1251 1000
1251 1252 1000
1252 1253 1000
1253 1254 1000
1254 1255 1000
1255 1256 1000
1256 1257 1000
1257 1258 1000
1258 1259 1000
1259 1260 1000
1260 1261 1000
1261 1262 1000
1262 1263 1000
1263 1264 1000
1264 1265 1000
1265 1266 1000
1266 1267 1000
1267 1268 1000
1268 1269 1000
1269 1270 1000
1270 1271 1000
1271 1272 1000
1272 1273 1000
1273 1274 1000
1274 1275 1000
1275 1276 1000
1276 1277 1000
1277 1278 1000
1278 1279 1000
1279 1280 1000
1280 1281 1000
1281 1282 1000
1282 1283 1000
1283 1284 1000
1284 1285 1000
1285 1286 1000
1286 1287 1000
1287 1288 1000
1288 1289 1000
1289 1290 1000
1290 1291 1000
1291 1292 1000
1292 1293 1000
1293 1294 1000
1294 1295 1000
1295 1296 1000
1296 1297 1000
1297 1298 1000
1298 1299 1000
1299 1300 1000
1300 1301 1000
1301 1302 1000
1302 1303 1000
1303 1304 1000
1304 1305 1000
1305 1306 1000
1306 1307 1000
1307 1308 1000
1308 1309 1000
1309 1310 1000
1310 1311 1000
1311 1312 1000
1312 1313 1000
1313 1314 1000
1314 1315 1000
1315 1316 1000
1316 1317 1000
1317 1318 1000
1318 1319 1000
1319 1320 1000
1320 1321 1000
1321 1322 1000
1322 1323 1000
1323 1324 1000
1324 1325 1000
1325 1326 1000
1326 1327 1000
1327 1328 1000
1328 1329 1000
1329 1330 1000
1330 1331 1000
1331 1332 1000
1332 1333 1000
1333 1334 1000
1334 1335 1000
1335 1336 1000
1336 1337 1000
1337 1338 1000
1338 1339 1000
1339 1340 1000
1340 1341 1000
1341 1342 1000
1342 1343 1000
1343 1344 1000
1344 1345 1000
1345 1346 1000
1346 1347 1000
1347 1348 1000
1348 1349 1000
1349 1350 1000
1350 1351 1000
1351 1352 1000
1352 1353 1000
1353 1354 1000
1354 1355 1000
1355 1356 1000
1356 1357 1000
1357 1358 1000
1358 1359 1000
1359 1360 1000
1360 1361 1000
1361 1362 1000
1362 1363 1000
1363 1364 1000
1364 1365 1000
1365 1366 1000
1366 1367 1000
1367 1368 1000
1368 1369 1000
1369 1370 1000
1370 1371 1000
1371 1372 1000
1372 1373 1000
1373 1374 1000
1374 1375 1000
1375 1376 1000
1376 1377 1000
1377 1378 1000
1378 1379 1000
1379 1380 1000
1380 1381 1000
1381 1382 1000
1382 1383 1000
1383 1384 1000
1384 1385 1000
1385 1386 1000
1386 1387 1000
1387 1388 1000
1388 1389 1000
1389 1390 1000
1390 1391 1000
1391 1392 1000
1392 1393 1000
1393 1394 1000
1394 1395 1000
1395 1396 1000
1396 1397 1000
1397 1398 1000
1398 1399 1000
1399 1400 1000
1400 1401 1000
1401 1402 1000
1402 1403 1000
1403 1404 1000
1404 1405 1000
1405 1406 1000
1406 1407 1000
1407 1408 1000
1408 1409 1000
1409 1410 1000
1410 1411 1000
1411 1412 1000
1412 1413 1000
1413 1414 1000
1414 1415 1000
1415 1416 1000
1416 1417 1000
1417 1418 1000
1418 1419 1000
1419 1420 1000
1420 1421 1000
1421 1422 1000
1422 1423 1000
1423 1424 1000
1424 1425 1000
1425 1426 1000
1426 1427 1000
1427 1428 1000
1428 1429 1000
1429 1430 1000
1430 1431 1000
1431 1432 1000
1432 1433 1000
1433 1434 1000
1434 1435 1000
1435 1436 1000
1436 1437 1000
1437 1438 1000
1438 1439 1000
1439 1440 1000
1440 1441 1000
1441 1442 1000
1442 1443 1000
1443 1444 1000
1444 1445 1000
1445 1446 1000
1446 1447 1000
1447 1448 1000
1448 1449 1000
1449 1450 1000
1450 1451 1000
1451 1452 1000
1452 1453 1000
1453 1454 1000
1454 1455 1000
1455 1456 1000
1456 1457 1000
1457 1458 1000
1458 1459 1000
1459 1460 1000
1460 1461 1000
1461 1462 1000
1462 1463 1000
1463 1464 1000
1464 1465 1000
1465 1466 1000
1466 1467 1000
1467 1468 1000
1468 1469 1000
1469 1470 1000
1470 1471 1000
1471 1472 1000
1472 1473 1000
1473 1474 1000
1474 1475 1000
1475 1476 1000
1476 1477 1000
1477 1478 1000
1478 1479 1000
1479 1480 1000
1480 1481 1000
1481 1482 1000
1482 1483 1000
1483 1484 1000
1484 1485 1000
1485 1486 1000
1486 1487 1000
1487 1488 1000
1488 1489 1000
1489 1490 1000
1490 1491 1000
1491 1492 1000
1492 1493 1000
1493 1494 1000
1494 1495 1000
1495 1496 1000
1496 1497 1000
1497 1498 1000
1498 1499 1000
1499 1500 1000
1500 1501 1000
1501 1502 1000
1502 1503 1000
1503 1504 1000
1504 1505 1000
1505 1506 1000
1506 1507 1000
1507 1508 1000
1508 1509 1000
1509 1510 1000
1510 1511 1000
1511 1512 1000
1512 1513 1000
1513 1514 1000
1514 1515 1000
1515 1516 1000
1516 1517 1000
1517 1518 1000
1518 1519 1000
1519 1520 1000
1520 1521 1000
1521 1522 1000
1522 1523 1000
1523 1524 1000
1524 1525 1000
1525 1526 1000
1526 1527 1000
1527 1528 1000
1528 1529 1000
1529 1530 1000
1530 1531 1000
1531 1532 1000
1532 1533 1000
1533 1534 1000
1534 1535 1000
1535 1536 1000
1536 1537 1000
1537 1538 1000
1538 1539 1000
1539 1540 1000
1540 1541 1000
1541 1542 1000
1542 1543 1000
1543 1544 1000
1544 1545 1000
1545 1546 1000
1546 1547 1000
1547 1548 1000
1548 1549 1000
1549 1550 1000
1550 1551 1000
1551 1552 1000
1552 1553 1000
1553 1554 1000
1554 1555 1000
1555 1556 1000
1556 1557 1000
1557 1558 1000
1558 1559 1000
1559 1560 1000
1560 1561 1000
1561 1562 1000
1562 1563 1000
1563 1564 1000
1564 1565 1000
1565 1566 1000
1566 1567 1000
1567 1568 1000
1568 1569 1000
1569 1570 1000
1570 1571 1000
1571 1572 1000
1572 1573 1000
1573 1574 1000
1574 1575 1000
1575 1576 1000
1576 1577 1000
1577 1578 1000
1578 1579 1000
1579 1580 1000
1580 1581 1000
1581 1582 1000
1582 1583 1000
1583 1584 1000
1584 1585 1000
1585 1586 1000
1586 1587 1000
1587 1588 1000
1588 1589 1000
1589 1590 1000
1590 1591 1000
1591 1592 1000
1592 1593 1000
1593 1594 1000
1594 1595 1000
1595 1596 1000
1596 1597 1000
1597 1598 1000
1598 1599 1000
1599 1600 1000
1600 1601 1000
1601 1602 1000
1602 1603 1000
1603 1604 1000
1604 1605 1000
1605 1606 1000
1606 1607 1000
1607 1608 1000
1608 1609 1000
1609 1610 1000
1610 1611 1000
1611 1612 1000
1612 1613 1000
1613 1614 1000
1614 1615 1000
1615 1616 1000
1616 1617 1000
1617 1618 1000
1618 1619 1000
1619 1620 1000
1620 1621 1000
1621 1622 1000
1622 1623 1000
1623 1624 1000
1624 1625 1000
1625 1626 1000
1626 1627 1000
1627 1628 1000
1628 1629 1000
1629 1630 1000
1630 1631 1000
1631 1632 1000
1632 1633 1000
1633 1634 1000
1634 1635 1000
1635 1636 1000
1636 1637 1000
1637 1638 1000
1638 1639 1000
1639 1640 1000
1640 1641 1000
1641 1642 1000
1642 1643 1000
1643 1644 1000
1644 1645 1000
1645 1646 1000
1646 1647 1000
1647 1648 1000
1648 1649 1000
1649 1650 1000
1650 1651 1000
1651 1652 1000
1652 1653 1000
1653 1654 1000
1654 1655 1000
1655 1656 1000
1656 1657 1000
1657 1658 1000
1658 1659 1000
1659 1660 1000
1660 1661 1000
1661 1662 1000
1662 1663 1000
1663 1664 1000
1664 1665 1000
1665 1666 1000
1666 1667 1000
1667 1668 1000
1668 1669 1000
1669 1670 1000
1670 1671 1000
1671 1672 1000
1672 1673 1000
1673 1674 1000
1674 1675 1000
1675 1676 1000
1676 1677 1000
1677 1678 1000
1678 1679 1000
1679 1680 1000
1680 1681 1000
1681 1682 1000
1682 1683 1000
1683 1684 1000
1684 1685 1000
1685 1686 1000
1686 1687 1000
1687 1688 1000
1688 1689 1000
1689 1690 1000
1690 1691 1000
1691 1692 1000
1692 1693 1000
1693 1694 1000
1694 1695 1000
1695 1696 1000
1696 1697 1000
1697 1698 1000
1698 1699 1000
1699 1700 1000
1700 1701 1000
1701 1702 1000
1702 1703 1000
1703 1704 1000
1704 1705 1000
1705 1706 1000
1706 1707 1000
1707 1708 1000
1708 1709 1000
1709 1710 1000
1710 1711 1000
1711 1712 1000
1712 1713 1000
1713 1714 1000
1714 1715 1000
1715 1716 1000
1716 1717 1000
1717 1718 1000
1718 1719 1000
1719 1720 1000
1720 1721 1000
1721 1722 1000
1722 1723 1000
1723 1724 1000
1724 1725 1000
1725 1726 1000
1726 1727 1000
1727 1728 1000
1728 1729 1000
1729 1730 1000
1730 1731 1000
1731 1732 1000
1732 1733 1000
1733 1734 1000
1734 1735 1000
1735 1736 1000
1736 1737 1000
1737 1738 1000
1738 1739 1000
1739 1740 1000
1740 1741 1000
1741 1742 1000
1742 1743 1000
1743 1744 1000
1744 1745 1000
1745 1746 1000
1746 1747 1000
1747 1748 1000
1748 1749 1000
1749 1750 1000
1750 1751 1000
1751 1752 1000
1752 1753 1000
1753 1754 1000
1754 1755 1000
1755 1756 1000
1756 1757 1000
1757 1758 1000
1758 1759 1000
1759 1760 1000
1760 1761 1000
1761 1762 1000
1762 1763 1000
1763 1764 1000
1764 1765 1000
1765 1766 1000
1766 1767 1000
1767 1768 1000
1768 1769 1000
1769 1770 1000
1770 1771 1000
1771 1772 1000
1772 1773 1000
1773 1774 1000
1774 1775 1000
1775 1776 1000
1776 1777 1000
1777 1778 1000
1778 1779 1000
1779 1780 1000
1780 1781 1000
1781 1782 1000
1782 1783 1000
1783 1784 1000
1784 1785 1000
1785 1786 1000
1786 1787 1000
1787 1788 1000
1788 1789 1000
1789 1790 1000
1790 1791 1000
1791 1792 1000
1792 1793 1000
1793 1794 1000
1794 1795 1000
1795 1796 1000
1796 1797 1000
1797 1798 1000
1798 1799 1000
1799 1800 1000
1800 1801 1000
1801 1802 1000
1802 1803 1000
1803 1804 1000
1804 1805 1000
1805 1806 1000
1806 1807 1000
1807 1808 1000
1808 1809 1000
1809 1810 1000
1810 1811 1000
1811 1812 1000
1812 1813 1000
1813 1814 1000
1814 1815 1000
1815 1816 1000
1816 1817 1000
1817 1818 1000
1818 1819 1000
1819 1820 1000
1820 1821 1000
1821 1822 1000
1822 1823 1000
1823 1824 1000
1824 1825 1000
1825 1826 1000
1826 1827 1000
1827 1828 1000
1828 1829 1000
1829 1830 1000
1830 1831 1000
1831 1832 1000
1832 1833 1000
1833 1834 1000
1834 1835 1000
1835 1836 1000
1836 1837 1000
1837 1838 1000
1838 1839 1000
1839 1840 1000
1840 1841 1000
1841 1842 1000
1842 1843 1000
1843 1844 1000
1844 1845 1000
1845 1846 1000
1846 1847 1000
1847 1848 1000
1848 1849 1000
1849 1850 1000
1850 1851 1000
1851 1852 1000
1852 1853 1000
1853 1854 1000
1854 1855 1000
1855 1856 1000
1856 1857 1000
1857 1858 1000
1858 1859 1000
1859 1860 1000
1860 1861 1000
1861 1862 1000
1862 1863 1000
1863 1864 1000
1864 1865 1000
1865 1866 1000
1866 1867 1000
1867 1868 1000
1868 1869 1000
1869 1870 1000
1870 1871 1000
1871 1872 1000
1872 1873 1000
1873 1874 1000
1874 1875 1000
1875 1876 1000
1876 1877 1000
1877 1878 1000
1878 1879 1000
1879 1880 1000
1880 1881 1000
1881 1882 1000
1882 1883 1000
1883 1884 1000
1884 1885 1000
1885 1886 1000
1886 1887 1000
1887 1888 1000
1888 1889 1000
1889 1890 1000
1890 1891 1000
1891 1892 1000
1892 1893 1000
1893 1894 1000
1894 1895 1000
1895 1896 1000
1896 1897 1000
1897 1898 1000
1898 1899 1000
1899 1900 1000
1900 1901 1000
1901 1902 1000
1902 1903 1000
1903 1904 1000
1904 1905 1000
1905 1906 1000
1906 1907 1000
1907 1908 1000
1908 1909 1000
1909 1910 1000
1910 1911 1000
1911 1912 1000
1912 1913 1000
1913 1914 1000
1914 1915 1000
1915 1916 1000
1916 1917 1000
1917 1918 1000
1918 1919 1000
1919 1920 1000
1920 1921 1000
1921 1922 1000
1922 1923 1000
1923 1924 1000
1924 1925 1000
1925 1926 1000
1926 1927 1000
1927 1928 1000
1928 1929 1000
1929 1930 1000
1930 1931 1000
1931 1932 1000
1932 1933 1000
1933 1934 1000
1934 1935 1000
1935 1936 1000
1936 1937 1000
1937 1938 1000
1938 1939 1000
1939 1940 1000
1940 1941 1000
1941 1942 1000
1942 1943 1000
1943 1944 1000
1944 1945 1000
1945 1946 1000
1946 1947 1000
1947 1948 1000
1948 1949 1000
1949 1950 1000
1950 1951 1000
1951 1952 1000
1952 1953 1000
1953 1954 1000
1954 1955 1000
1955 1956 1000
1956 1957 1000
1957 1958 1000
1958 1959 1000
1959 1960 1000
1960 1961 1000
1961 1962 1000
1962 1963 1000
1963 1964 1000
1964 1965 1000
1965 1966 1000
1966 1967 1000
1967 1968 1000
1968 1969 1000
1969 1970 1000
1970 1971 1000
1971 1972 1000
1972 1973 1000
1973 1974 1000
1974 1975 1000
1975 1976 1000
1976 1977 1000
1977 1978 1000
1978 1979 1000
1979 1980 1000
1980 1981 1000
1981 1982 1000
1982 1983 1000
1983 1984 1000
1984 1985 1000
1985 1986 1000
1986 1987 1000
1987 1988 1000
1988 1989 1000
1989 1990 1000
1990 1991 1000
1991 1992 1000
1992 1993 1000
1993 1994 1000
1994 1995 1000
1995 1996 1000
1996 1997 1000
1997 1998 1000
1998 1999 1000
1999 2000 1000
2000 2001 1000
2001 2002 1000
2002 2003 1000
2003 2004 1000
2004 2005 1000
2005 2006 1000
2006 2007 1000
2007 2008 1000
2008 2009 1000
2009 2010 1000
2010 2011 1000
2011 2012 1000
2012 2013 1000
2013 2014 1000
2014 2015 1000
2015 2016 1000
2016 2017 1000
2017 2018 1000
2018 2019 1000
2019 2020 1000
2020 2021 1000
2021 2022 1000
2022 2023 1000
2023 2024 1000
2024 2025 1000
2025 2026 1000
2026 2027 1000
2027 2028 1000
2028 2029 1000
2029 2030 1000
2030 2031 1000
2031 2032 1000
2032 2033 1000
2033 2034 1000
2034 2035 1000
2035 2036 1000
2036 2037 1000
2037 2038 1000
2038 2039 1000
2039 2040 1000
2040 2041 1000
2041 2042 1000
2042 2043 1000
2043 2044 1000
2044 2045 1000
2045 2046 1000
2046 2047 1000
2047 2048 1000
2048 2049 1000
2049 2050 1000
2050 2051 1000
2051 2052 1000
2052 2053 1000
2053 2054 1000
2054 2055 1000
2055 2056 1000
2056 2057 1000
2057 2058 1000
2058 2059 1000
2059 2060 1000
2060 2061 1000
2061 2062 1000
2062 2063 1000
2063 2064 1000
2064 2065 1000
2065 2066 1000
2066 2067 1000
2067 2068 1000
2068 2069 1000
2069 2070 1000
2070 2071 1000
2071 2072 1000
2072 2073 1000
2073 2074 1000
2074 2075 1000
2075 2076 1000
2076 2077 1000
2077 2078 1000
2078 2079 1000
2079 2080 1000
2080 2081 1000
2081 2082 1000
2082 2083 1000
2083 2084 1000
2084 2085 1000
2085 2086 1000
2086 2087 1000
2087 2088 1000
2088 2089 1000
2089 2090 1000
2090 2091 1000
2091 2092 1000
2092 2093 1000
2093 2094 1000
2094 2095 1000
2095 2096 1000
2096 2097 1000
2097 2098 1000
2098 2099 1000
2099 2100 1000
2100 2101 1000
2101 2102 1000
2102 2103 1000
2103 2104 1000
2104 2105 1000
2105 2106 1000
2106 2107 1000
2107 2108 1000
2108 2109 1000
2109 2110 1000
2110 2111 1000
2111 2112 1000
2112 2113 1000
2113 2114 1000
2114 2115 1000
2115 2116 1000
2116 2117 1000
2117 2118 1000
2118 2119 1000
2119 2120 1000
2120 2121 1000
2121 2122 1000
2122 2123 1000
2123 2124 1000
2124 2125 1000
2125 2126 1000
2126 2127 1000
2127 2128 1000
2128 2129 1000
2129 2130 1000
2130 2131 1000
2131 2132 1000
2132 2133 1000
2133 2134 1000
2134 2135 1000
2135 2136 1000
2136 2137 1000
2137 2138 1000
2138 2139 1000
2139 2140 1000
2140 2141 1000
2141 2142 1000
2142 2143 1000
2143 2144 1000
2144 2145 1000
2145 2146 1000
2146 2147 1000
2147 2148 1000
2148 2149 1000
2149 2150 1000
2150 2151 1000
2151 2152 1000
2152 2153 1000
2153 2154 1000
2154 2155 1000
2155 2156 1000
2156 2157 1000
2157 2158 1000
2158 2159 1000
2159 2160 1000
2160 2161 1000
2161 2162 1000
2162 2163 1000
2163 2164 1000
2164 2165 1000
2165 2166 1000
2166 2167 1000
2167 2168 1000
2168 2169 1000
2169 2170 1000
2170 2171 1000
2171 2172 1000
2172 2173 1000
2173 2174 1000
2174 2175 1000
2175 2176 1000
2176 2177 1000
2177 2178 1000
2178 2179 1000
2179 2180 1000
2180 2181 1000
2181 2182 1000
2182 2183 1000
2183 2184 1000
2184 2185 1000
2185 2186 1000
2186 2187 1000
2187 2188 1000
2188 2189 1000
2189 2190 1000
2190 2191 1000
2191 2192 1000
2192 2193 1000
2193 2194 1000
2194 2195 1000
2195 2196 1000
2196 2197 1000
2197 2198 1000
2198 2199 1000
2199 2200 1000
2200 2201 1000
2201 2202 1000
2202 2203 1000
2203 2204 1000
2204 2205 1000
2205 2206 1000
2206 2207 1000
2207 2208 1000
2208 2209 1000
2209 2210 1000
2210 2211 1000
2211 2212 1000
2212 2213 1000
2213 2214 1000
2214 2215 1000
2215 2216 1000
2216 2217 1000
2217 2218 1000
2218 2219 1000
2219 2220 1000
2220 2221 1000
2221 2222 1000
2222 2223 1000
2223 2224 1000
2224 2225 1000
2225 2226 1000
2226 2227 1000
2227 2228 1000
2228 2229 1000
2229 2230 1000
2230 2231 1000
2231 2232 1000
2232 2233 1000
2233 2234 1000
2234 2235 1000
2235 2236 1000
2236 2237 1000
2237 2238 1000
2238 2239 1000
2239 2240 1000
2240 2241 1000
2241 2242 1000
2242 2243 1000
2243 2244 1000
2244 2245 1000
2245 2246 1000
2246 2247 1000
2247 2248 1000
2248 2249 1000
2249 2250 1000
2250 2251 1000
2251 2252 1000
2252 2253 1000
2253 2254 1000
2254 2255 1000
2255 2256 1000
2256 2257 1000
2257 2258 1000
2258 2259 1000
2259 2260 1000
2260 2261 1000
2261 2262 1000
2262 2263 1000
2263 2264 1000
2264 2265 1000
2265 2266 1000
2266 2267 1000
2267 2268 1000
2268 2269 1000
2269 2270 1000
2270 2271 1000
2271 2272 1000
2272 2273 1000
2273 2274 1000
2274 2275 1000
2275 2276 1000
2276 2277 1000
2277 2278 1000
2278 2279 1000
2279 2280 1000
2280 2281 1000
2281 2282 1000
2282 2283 1000
2283 2284 1000
2284 2285 1000
2285 2286 1000
2286 2287 1000
2287 2288 1000
2288 2289 1000
2289 2290 1000
2290 2291 1000
2291 2292 1000
2292 2293 1000
2293 2294 1000
2294 2295 1000
2295 2296 1000
2296 2297 1000
2297 2298 1000
2298 2299 1000
2299 2300 1000
2300 2301 1000
2301 2302 1000
2302 2303 1000
2303 2304 1000
2304 2305 1000
2305 2306 1000
2306 2307 1000
2307 2308 1000
2308 2309 1000
2309 2310 1000
2310 2311 1000
2311 2312 1000
2312 2313 1000
2313 2314 1000
2314 2315 1000
2315 2316 1000
2316 2317 1000
2317 2318 1000
2318 2319 1000
2319 2320 1000
2320 2321 1000
2321 2322 1000
2322 2323 1000
2323 2324 1000
2324 2325 1000
2325 2326 1000
2326 2327 1000
2327 2328 1000
2328 2329 1000
2329 2330 1000
2330 2331 1000
2331 2332 1000
2332 2333 1000
2333 2334 1000
2334 2335 1000
2335 2336 1000
2336 2337 1000
2337 2338 1000
2338 2339 1000
2339 2340 1000
2340 2341 1000
2341 2342 1000
2342 2343 1000
2343 2344 1000
2344 2345 1000
2345 2346 1000
2346 2347 1000
2347 2348 1000
2348 2349 1000
2349 2350 1000
2350 2351 1000
2351 2352 1000
2352 2353 1000
2353 2354 1000
2354 2355 1000
2355 2356 1000
2356 2357 1000
2357 2358 1000
2358 2359 1000
2359 2360 1000
2360 2361 1000
2361 2362 1000
2362 2363 1000
2363 2364 1000
2364 2365 1000
2365 2366 1000
2366 2367 1000
2367 2368 1000
2368 2369 1000
2369 2370 1000
2370 2371 1000
2371 2372 1000
2372 2373 1000
2373 2374 1000
2374 2375 1000
2375 2376 1000
2376 2377 1000
2377 2378 1000
2378 2379 1000
2379 2380 1000
2380 2381 1000
2381 2382 1000
2382 2383 1000
2383 2384 1000
2384 2385 1000
2385 2386 1000
2386 2387 1000
2387 2388 1000
2388 2389 1000
2389 2390 1000
2390 2391 1000
2391 2392 1000
2392 2393 1000
2393 2394 1000
2394 2395 1000
2395 2396 1000
2396 2397 1000
2397 2398 1000
2398 2399 1000
2399 2400 1000
2400 2401 1000
2401 2402 1000
2402 2403 1000
2403 2404 1000
2404 2405 1000
2405 2406 1000
2406 2407 1000
2407 2408 1000
2408 2409 1000
2409 2410 1000
2410 2411 1000
2411 2412 1000
2412 2413 1000
2413 2414 1000
2414 2415 1000
2415 2416 1000
2416 2417 1000
2417 2418 1000
2418 2419 1000
2419 2420 1000
2420 2421 1000
2421 2422 1000
2422 2423 1000
2423 2424 1000
2424 2425 1000
2425 2426 1000
2426 2427 1000
2427 2428 1000
2428 2429 1000
2429 2430 1000
2430 2431 1000
2431 2432 1000
2432 2433 1000
2433 2434 1000
2434 2435 1000
2435 2436 1000
2436 2437 1000
2437 2438 1000
2438 2439 1000
2439 2440 1000
2440 2441 1000
2441 2442 1000
2442 2443 1000
2443 2444 1000
2444 2445 1000
2445 2446 1000
2446 2447 1000
2447 2448 1000
2448 2449 1000
2449 2450 1000
2450 2451 1000
2451 2452 1000
2452 2453 1000
2453 2454 1000
2454 2455 1000
2455 2456 1000
2456 2457 1000
2457 2458 1000
2458 2459 1000
2459 2460 1000
2460 2461 1000
2461 2462 1000
2462 2463 1000
2463 2464 1000
2464 2465 1000
2465 2466 1000
2466 2467 1000
2467 2468 1000
2468 2469 1000
2469 2470 1000
2470 2471 1000
2471 2472 1000
2472 2473 1000
2473 2474 1000
2474 2475 1000
2475 2476 1000
2476 2477 1000
2477 2478 1000
2478 2479 1000
2479 2480 1000
2480 2481 1000
2481 2482 1000
2482 2483 1000
2483 2484 1000
2484 2485 1000
2485 2486 1000
2486 2487 1000
2487 2488 1000
2488 2489 1000
2489 2490 1000
2490 2491 1000
2491 2492 1000
2492 2493 1000
2493 2494 1000
2494 2495 1000
2495 2496 1000
2496 2497 1000
2497 2498 1000
2498 2499 1000
2499 2500 1000
2500 2501 1000
2501 2502 1000
2502 2503 1000
2503 2504 1000
2504 2505 1000
2505 2506 1000
2506 2507 1000
2507 2508 1000
2508 2509 1000
2509 2510 1000
2510 2511 1000
2511 2512 1000
2512 2513 1000
2513 2514 1000
2514 2515 1000
2515 2516 1000
2516 2517 1000
2517 2518 1000
2518 2519 1000
2519 2520 1000
2520 2521 1000
2521 2522 1000
2522 2523 1000
2523 2524 1000
2524 2525 1000
2525 2526 1000
2526 2527 1000
2527 2528 1000
2528 2529 1000
2529 2530 1000
2530 2531 1000
2531 2532 1000
2532 2533 1000
2533 2534 1000
2534 2535 1000
2535 2536 1000
2536 2537 1000
2537 2538 1000
2538 2539 1000
2539 2540 1000
2540 2541 1000
2541 2542 1000
2542 2543 1000
2543 2544 1000
2544 2545 1000
2545 2546 1000
2546 2547 1000
2547 2548 1000
2548 2549 1000
2549 2550 1000
2550 2551 1000
2551 2552 1000
2552 2553 1000
2553 2554 1000
2554 2555 1000
2555 2556 1000
2556 2557 1000
2557 2558 1000
2558 2559 1000
2559 2560 1000
2560 2561 1000
2561 2562 1000
2562 2563 1000
2563 2564 1000
2564 2565 1000
2565 2566 1000
2566 2567 1000
2567 2568 1000
2568 2569 1000
2569 2570 1000
2570 2571 1000
2571 2572 1000
2572 2573 1000
2573 2574 1000
2574 2575 1000
2575 2576 1000
2576 2577 1000
2577 2578 1000
2578 2579 1000
2579 2580 1000
2580 2581 1000
2581 2582 1000
2582 2583 1000
2583 2584 1000
2584 2585 1000
2585 2586 1000
2586 2587 1000
2587 2588 1000
2588 2589 1000
2589 2590 1000
2590 2591 1000
2591 2592 1000
2592 2593 1000
2593 2594 1000
2594 2595 1000
2595 2596 1000
2596 2597 1000
2597 2598 1000
2598 2599 1000
2599 2600 1000
2600 2601 1000
2601 2602 1000
2602 2603 1000
2603 2604 1000
2604 2605 1000
2605 2606 1000
2606 2607 1000
2607 2608 1000
2608 2609 1000
2609 2610 1000
2610 2611 1000
2611 2612 1000
2612 2613 1000
2613 2614 1000
2614 2615 1000
2615 2616 1000
2616 2617 1000
2617 2618 1000
2618 2619 1000
2619 2620 1000
2620 2621 1000
2621 2622 1000
2622 2623 1000
2623 2624 1000
2624 2625 1000
2625 2626 1000
2626 2627 1000
2627 2628 1000
2628 2629 1000
2629 2630 1000
2630 2631 1000
2631 2632 1000
2632 2633 1000
2633 2634 1000
2634 2635 1000
2635 2636 1000
2636 2637 1000
2637 2638 1000
2638 2639 1000
2639 2640 1000
2640 2641 1000
2641 2642 1000
2642 2643 1000
2643 2644 1000
2644 2645 1000
2645 2646 1000
2646 2647 1000
2647 2648 1000
2648 2649 1000
2649 2650 1000
2650 2651 1000
2651 2652 1000
2652 2653 1000
2653 2654 1000
2654 2655 1000
2655 2656 1000
2656 2657 1000
2657 2658 1000
2658 2659 1000
2659 2660 1000
2660 2661 1000
2661 2662 1000
2662 2663 1000
2663 2664 1000
2664 2665 1000
2665 2666 1000
2666 2667 1000
2667 2668 1000
2668 2669 1000
2669 2670 1000
2670 2671 1000
2671 2672 1000
2672 2673 1000
2673 2674 1000
2674 2675 1000
2675 2676 1000
2676 2677 1000
2677 2678 1000
2678 2679 1000
2679 2680 1000
2680 2681 1000
2681 2682 1000
2682 2683 1000
2683 2684 1000
2684 2685 1000
2685 2686 1000
2686 2687 1000
2687 2688 1000
2688 2689 1000
2689 2690 1000
2690 2691 1000
2691 2692 1000
2692 2693 1000
2693 2694 1000
2694 2695 1000
2695 2696 1000
2696 2697 1000
2697 2698 1000
2698 2699 1000
2699 2700 1000
2700 2701 1000
2701 2702 1000
2702 2703 1000
2703 2704 1000
2704 2705 1000
2705 2706 1000
2706 2707 1000
2707 2708 1000
2708 2709 1000
2709 2710 1000
2710 2711 1000
2711 2712 1000
2712 2713 1000
2713 2714 1000
2714 2715 1000
2715 2716 1000
2716 2717 1000
2717 2718 1000
2718 2719 1000
2719 2720 1000
2720 2721 1000
2721 2722 1000
2722 2723 1000
2723 2724 1000
2724 2725 1000
2725 2726 1000
2726 2727 1000
2727 2728 1000
2728 2729 1000
2729 2730 1000
2730 2731 1000
2731 2732 1000
2732 2733 1000
2733 2734 1000
2734 2735 1000
2735 2736 1000
2736 2737 1000
2737 2738 1000
2738 2739 1000
2739 2740 1000
2740 2741 1000
2741 2742 1000
2742 2743 1000
2743 2744 1000
2744 2745 1000
2745 2746 1000
2746 2747 1000
2747 2748 1000
2748 2749 1000
2749 2750 1000
2750 2751 1000
2751 2752 1000
2752 2753 1000
2753 2754 1000
2754 2755 1000
2755 2756 1000
2756 2757 1000
2757 2758 1000
2758 2759 1000
2759 2760 1000
2760 2761 1000
2761 2762 1000
2762 2763 1000
2763 2764 1000
2764 2765 1000
2765 2766 1000
2766 2767 1000
2767 2768 1000
2768 2769 1000
2769 2770 1000
2770 2771 1000
2771 2772 1000
2772 2773 1000
2773 2774 1000
2774 2775 1000
2775 2776 1000
2776 2777 1000
2777 2778 1000
2778 2779 1000
2779 2780 1000
2780 2781 1000
2781 2782 1000
2782 2783 1000
2783 2784 1000
2784 2785 1000
2785 2786 1000
2786 2787 1000
2787 2788 1000
2788 2789 1000
2789 2790 1000
2790 2791 1000
2791 2792 1000
2792 2793 1000
2793 2794 1000
2794 2795 1000
2795 2796 1000
2796 2797 1000
2797 2798 1000
2798 2799 1000
2799 2800 1000
2800 2801 1000
2801 2802 1000
2802 2803 1000
2803 2804 1000
2804 2805 1000
2805 2806 1000
2806 2807 1000
2807 2808 1000
2808 2809 1000
2809 2810 1000
2810 2811 1000
2811 2812 1000
2812 2813 1000
2813 2814 1000
2814 2815 1000
2815 2816 1000
2816 2817 1000
2817 2818 1000
2818 2819 1000
2819 2820 1000
2820 2821 1000
2821 2822 1000
2822 2823 1000
2823 2824 1000
2824 2825 1000
2825 2826 1000
2826 2827 1000
2827 2828 1000
2828 2829 1000
2829 2830 1000
2830 2831 1000
2831 2832 1000
2832 2833 1000
2833 2834 1000
2834 2835 1000
2835 2836 1000
2836 2837 1000
2837 2838 1000
2838 2839 1000
2839 2840 1000
2840 2841 1000
2841 2842 1000
2842 2843 1000
2843 2844 1000
2844 2845 1000
2845 2846 1000
2846 2847 1000
2847 2848 1000
2848 2849 1000
2849 2850 1000
2850 2851 1000
2851 2852 1000
2852 2853 1000
2853 2854 1000
2854 2855 1000
2855 2856 1000
2856 2857 1000
2857 2858 1000
2858 2859 1000
2859 2860 1000
2860 2861 1000
2861 2862 1000
2862 2863 1000
2863 2864 1000
2864 2865 1000
2865 2866 1000
2866 2867 1000
2867 2868 1000
2868 2869 1000
2869 2870 1000
2870 2871 1000
2871 2872 1000
2872 2873 1000
2873 2874 1000
2874 2875 1000
2875 2876 1000
2876 2877 1000
2877 2878 1000
2878 2879 1000
2879 2880 1000
2880 2881 1000
2881 2882 1000
2882 2883 1000
2883 2884 1000
2884 2885 1000
2885 2886 1000
2886 2887 1000
2887 2888 1000
2888 2889 1000
2889 2890 1000
2890 2891 1000
2891 2892 1000
2892 2893 1000
2893 2894 1000
2894 2895 1000
2895 2896 1000
2896 2897 1000
2897 2898 1000
2898 2899 1000
2899 2900 1000
2900 2901 1000
2901 2902 1000
2902 2903 1000
2903 2904 1000
2904 2905 1000
2905 2906 1000
2906 2907 1000
2907 2908 1000
2908 2909 1000
2909 2910 1000
2910 2911 1000
2911 2912 1000
2912 2913 1000
2913 2914 1000
2914 2915 1000
2915 2916 1000
2916 2917 1000
2917 2918 1000
2918 2919 1000
2919 2920 1000
2920 2921 1000
2921 2922 1000
2922 2923 1000
2923 2924 1000
2924 2925 1000
2925 2926 1000
2926 2927 1000
2927 2928 1000
2928 2929 1000
2929 2930 1000
2930 2931 1000
2931 2932 1000
2932 2933 1000
2933 2934 1000
2934 2935 1000
2935 2936 1000
2936 2937 1000
2937 2938 1000
2938 2939 1000
2939 2940 1000
2940 2941 1000
2941 2942 1000
2942 2943 1000
2943 2944 1000
2944 2945 1000
2945 2946 1000
2946 2947 1000
2947 2948 1000
2948 2949 1000
2949 2950 1000
2950 2951 1000
2951 2952 1000
2952 2953 1000
2953 2954 1000
2954 2955 1000
2955 2956 1000
2956 2957 1000
2957 2958 1000
2958 2959 1000
2959 2960 1000
2960 2961 1000
2961 2962 1000
2962 2963 1000
2963 2964 1000
2964 2965 1000
2965 2966 1000
2966 2967 1000
2967 2968 1000
2968 2969 1000
2969 2970 1000
2970 2971 1000
2971 2972 1000
2972 2973 1000
2973 2974 1000
2974 2975 1000
2975 2976 1000
2976 2977 1000
2977 2978 1000
2978 2979 1000
2979 2980 1000
2980 2981 1000
2981 2982 1000
2982 2983 1000
2983 2984 1000
2984 2985 1000
2985 2986 1000
2986 2987 1000
2987 2988 1000
2988 2989 1000
2989 2990 1000
2990 2991 1000
2991 2992 1000
2992 2993 1000
2993 2994 1000
2994 2995 1000
2995 2996 1000
2996 2997 1000
2997 2998 1000
2998 2999 1000
2999 3000 1000
3000 3001 1000
3001 3002 1000
3002 3003 1000
3003 3004 1000
3004 3005 1000
3005 3006 1000
3006 3007 1000
3007 3008 1000
3008 3009 1000
3009 3010 1000
3010 3011 1000
3011 3012 1000
3012 3013 1000
3013 3014 1000
3014 3015 1000
3015 3016 1000
3016 3017 1000
3017 3018 1000
3018 3019 1000
3019 3020 1000
3020 3021 1000
3021 3022 1000
3022 3023 1000
3023 3024 1000
3024 3025 1000
3025 3026 1000
3026 3027 1000
3027 3028 1000
3028 3029 1000
3029 3030 1000
3030 3031 1000
3031 3032 1000
3032 3033 1000
3033 3034 1000
3034 3035 1000
3035 3036 1000
3036 3037 1000
3037 3038 1000
3038 3039 1000
3039 3040 1000
3040 3041 1000
3041 3042 1000
3042 3043 1000
3043 3044 1000
3044 3045 1000
3045 3046 1000
3046 3047 1000
3047 3048 1000
3048 3049 1000
3049 3050 1000
3050 3051 1000
3051 3052 1000
3052 3053 1000
3053 3054 1000
3054 3055 1000
3055 3056 1000
3056 3057 1000
3057 3058 1000
3058 3059 1000
3059 3060 1000
3060 3061 1000
3061 3062 1000
3062 3063 1000
3063 3064 1000
3064 3065 1000
3065 3066 1000
3066 3067 1000
3067 3068 1000
3068 3069 1000
3069 3070 1000
3070 3071 1000
3071 3072 1000
3072 3073 1000
3073 3074 1000
3074 3075 1000
3075 3076 1000
3076 3077 1000
3077 3078 1000
3078 3079 1000
3079 3080 1000
3080 3081 1000
3081 3082 1000
3082 3083 1000
3083 3084 1000
3084 3085 1000
3085 3086 1000
3086 3087 1000
3087 3088 1000
3088 3089 1000
3089 3090 1000
3090 3091 1000
3091 3092 1000
3092 3093 1000
3093 3094 1000
3094 3095 1000
3095 3096 1000
3096 3097 1000
3097 3098 1000
3098 3099 1000
3099 3100 1000
3100 3101 1000
3101 3102 1000
3102 3103 1000
3103 3104 1000
3104 3105 1000
3105 3106 1000
3106 3107 1000
3107 3108 1000
3108 3109 1000
3109 3110 1000
3110 3111 1000
3111 3112 1000
3112 3113 1000
3113 3114 1000
3114 3115 1000
3115 3116 1000
3116 3117 1000
3117 3118 1000
3118 3119 1000
3119 3120 1000
3120 3121 1000
3121 3122 1000
3122 3123 1000
3123 3124 1000
3124 3125 1000
3125 3126 1000
3126 3127 1000
3127 3128 1000
3128 3129 1000
3129 3130 1000
3130 3131 1000
3131 3132 1000
3132 3133 1000
3133 3134 1000
3134 3135 1000
3135 3136 1000
3136 3137 1000
3137 3138 1000
3138 3139 1000
3139 3140 1000
3140 3141 1000
3141 3142 1000
3142 3143 1000
3143 3144 1000
3144 3145 1000
3145 3146 1000
3146 3147 1000
3147 3148 1000
3148 3149 1000
3149 3150 1000
3150 3151 1000
3151 3152 1000
3152 3153 1000
3153 3154 1000
3154 3155 1000
3155 3156 1000
3156 3157 1000
3157 3158 1000
3158 3159 1000
3159 3160 1000
3160 3161 1000
3161 3162 1000
3162 3163 1000
3163 3164 1000
3164 3165 1000
3165 3166 1000
3166 3167 1000
3167 3168 1000
3168 3169 1000
3169 3170 1000
3170 3171 1000
3171 3172 1000
3172 3173 1000
3173 3174 1000
3174 3175 1000
3175 3176 1000
3176 3177 1000
3177 3178 1000
3178 3179 1000
3179 3180 1000
3180 3181 1000
3181 3182 1000
3182 3183 1000
3183 3184 1000
3184 3185 1000
3185 3186 1000
3186 3187 1000
3187 3188 1000
3188 3189 1000
3189 3190 1000
3190 3191 1000
3191 3192 1000
3192 3193 1000
3193 3194 1000
3194 3195 1000
3195 3196 1000
3196 3197 1000
3197 3198 1000
3198 3199 1000
3199 3200 1000
3200 3201 1000
3201 3202 1000
3202 3203 1000
3203 3204 1000
3204 3205 1000
3205 3206 1000
3206 3207 1000
3207 3208 1000
3208 3209 1000
3209 3210 1000
3210 3211 1000
3211 3212 1000
3212 3213 1000
3213 3214 1000
3214 3215 1000
3215 3216 1000
3216 3217 1000
3217 3218 1000
3218 3219 1000
3219 3220 1000
3220 3221 1000
3221 3222 1000
3222 3223 1000
3223 3224 1000
3224 3225 1000
3225 3226 1000
3226 3227 1000
3227 3228 1000
3228 3229 1000
3229 3230 1000
3230 3231 1000
3231 3232 1000
3232 3233 1000
3233 3234 1000
3234 3235 1000
3235 3236 1000
3236 3237 1000
3237 3238 1000
3238 3239 1000
3239 3240 1000
3240 3241 1000
3241 3242 1000
3242 3243 1000
3243 3244 1000
3244 3245 1000
3245 3246 1000
3246 3247 1000
3247 3248 1000
3248 3249 1000
3249 3250 1000
3250 3251 1000
3251 3252 1000
3252 3253 1000
3253 3254 1000
3254 3255 1000
3255 3256 1000
3256 3257 1000
3257 3258 1000
3258 3259 1000
3259 3260 1000
3260 3261 1000
3261 3262 1000
3262 3263 1000
3263 3264 1000
3264 3265 1000
3265 3266 1000
3266 3267 1000
3267 3268 1000
3268 3269 1000
3269 3270 1000
3270 3271 1000
3271 3272 1000
3272 3273 1000
3273 3274 1000
3274 3275 1000
3275 3276 1000
3276 3277 1000
3277 3278 1000
3278 3279 1000
3279 3280 1000
3280 3281 1000
3281 3282 1000
3282 3283 1000
3283 3284 1000
3284 3285 1000
3285 3286 1000
3286 3287 1000
3287 3288 1000
3288 3289 1000
3289 3290 1000
3290 3291 1000
3291 3292 1000
3292 3293 1000
3293 3294 1000
3294 3295 1000
3295 3296 1000
3296 3297 1000
3297 3298 1000
3298 3299 1000
3299 3300 1000
3300 3301 1000
3301 3302 1000
3302 3303 1000
3303 3304 1000
3304 3305 1000
3305 3306 1000
3306 3307 1000
3307 3308 1000
3308 3309 1000
3309 3310 1000
3310 3311 1000
3311 3312 1000
3312 3313 1000
3313 3314 1000
3314 3315 1000
3315 3316 1000
3316 3317 1000
3317 3318 1000
3318 3319 1000
3319 3320 1000
3320 3321 1000
3321 3322 1000
3322 3323 1000
3323 3324 1000
3324 3325 1000
3325 3326 1000
3326 3327 1000
3327 3328 1000
3328 3329 1000
3329 3330 1000
3330 3331 1000
3331 3332 1000
3332 3333 1000
3333 3334 1000
3334 3335 1000
3335 3336 1000
3336 3337 1000
3337 3338 1000
3338 3339 1000
3339 3340 1000
3340 3341 1000
3341 3342 1000
3342 3343 1000
3343 3344 1000
3344 3345 1000
3345 3346 1000
3346 3347 1000
3347 3348 1000
3348 3349 1000
3349 3350 1000
3350 3351 1000
3351 3352 1000
3352 3353 1000
3353 3354 1000
3354 3355 1000
3355 3356 1000
3356 3357 1000
3357 3358 1000
3358 3359 1000
3359 3360 1000
3360 3361 1000
3361 3362 1000
3362 3363 1000
3363 3364 1000
3364 3365 1000
3365 3366 1000
3366 3367 1000
3367 3368 1000
3368 3369 1000
3369 3370 1000
3370 3371 1000
3371 3372 1000
3372 3373 1000
3373 3374 1000
3374 3375 1000
3375 3376 1000
3376 3377 1000
3377 3378 1000
3378 3379 1000
3379 3380 1000
3380 3381 1000
3381 3382 1000
3382 3383 1000
3383 3384 1000
3384 3385 1000
3385 3386 1000
3386 3387 1000
3387 3388 1000
3388 3389 1000
3389 3390 1000
3390 3391 1000
3391 3392 1000
3392 3393 1000
3393 3394 1000
3394 3395 1000
3395 3396 1000
3396 3397 1000
3397 3398 1000
3398 3399 1000
3399 3400 1000
3400 3401 1000
3401 3402 1000
3402 3403 1000
3403 3404 1000
3404 3405 1000
3405 3406 1000
3406 3407 1000
3407 3408 1000
3408 3409 1000
3409 3410 1000
3410 3411 1000
3411 3412 1000
3412 3413 1000
3413 3414 1000
3414 3415 1000
3415 3416 1000
3416 3417 1000
3417 3418 1000
3418 3419 1000
3419 3420 1000
3420 3421 1000
3421 3422 1000
3422 3423 1000
3423 3424 1000
3424 3425 1000
3425 3426 1000
3426 3427 1000
3427 3428 1000
3428 3429 1000
3429 3430 1000
3430 3431 1000
3431 3432 1000
3432 3433 1000
3433 3434 1000
3434 3435 1000
3435 3436 1000
3436 3437 1000
3437 3438 1000
3438 3439 1000
3439 3440 1000
3440 3441 1000
3441 3442 1000
3442 3443 1000
3443 3444 1000
3444 3445 1000
3445 3446 1000
3446 3447 1000
3447 3448 1000
3448 3449 1000
3449 3450 1000
3450 3451 1000
3451 3452 1000
3452 3453 1000
3453 3454 1000
3454 3455 1000
3455 3456 1000
3456 3457 1000
3457 3458 1000
3458 3459 1000
3459 3460 1000
3460 3461 1000
3461 3462 1000
3462 3463 1000
3463 3464 1000
3464 3465 1000
3465 3466 1000
3466 3467 1000
3467 3468 1000
3468 3469 1000
3469 3470 1000
3470 3471 1000
3471 3472 1000
3472 3473 1000
3473 3474 1000
3474 3475 1000
3475 3476 1000
3476 3477 1000
3477 3478 1000
3478 3479 1000
3479 3480 1000
3480 3481 1000
3481 3482 1000
3482 3483 1000
3483 3484 1000
3484 3485 1000
3485 3486 1000
3486 3487 1000
3487 3488 1000
3488 3489 1000
3489 3490 1000
3490 3491 1000
3491 3492 1000
3492 3493 1000
3493 3494 1000
3494 3495 1000
3495 3496 1000
3496 3497 1000
3497 3498 1000
3498 3499 1000
3499 3500 1000
3500 3501 1000
3501 3502 1000
3502 3503 1000
3503 3504 1000
3504 3505 1000
3505 3506 1000
3506 3507 1000
3507 3508 1000
3508 3509 1000
3509 3510 1000
3510 3511 1000
3511 3512 1000
3512 3513 1000
3513 3514 1000
3514 3515 1000
3515 3516 1000
3516 3517 1000
3517 3518 1000
3518 3519 1000
3519 3520 1000
3520 3521 1000
3521 3522 1000
3522 3523 1000
3523 3524 1000
3524 3525 1000
3525 3526 1000
3526 3527 1000
3527 3528 1000
3528 3529 1000
3529 3530 1000
3530 3531 1000
3531 3532 1000
3532 3533 1000
3533 3534 1000
3534 3535 1000
3535 3536 1000
3536 3537 1000
3537 3538 1000
3538 3539 1000
3539 3540 1000
3540 3541 1000
3541 3542 1000
3542 3543 1000
3543 3544 1000
3544 3545 1000
3545 3546 1000
3546 3547 1000
3547 3548 1000
3548 3549 1000
3549 3550 1000
3550 3551 1000
3551 3552 1000
3552 3553 1000
3553 3554 1000
3554 3555 1000
3555 3556 1000
3556 3557 1000
3557 3558 1000
3558 3559 1000
3559 3560 1000
3560 3561 1000
3561 3562 1000
3562 3563 1000
3563 3564 1000
3564 3565 1000
3565 3566 1000
3566 3567 1000
3567 3568 1000
3568 3569 1000
3569 3570 1000
3570 3571 1000
3571 3572 1000
3572 3573 1000
3573 3574 1000
3574 3575 1000
3575 3576 1000
3576 3577 1000
3577 3578 1000
3578 3579 1000
3579 3580 1000
3580 3581 1000
3581 3582 1000
3582 3583 1000
3583 3584 1000
3584 3585 1000
3585 3586 1000
3586 3587 1000
3587 3588 1000
3588 3589 1000
3589 3590 1000
3590 3591 1000
3591 3592 1000
3592 3593 1000
3593 3594 1000
3594 3595 1000
3595 3596 1000
3596 3597 1000
3597 3598 1000
3598 3599 1000
3599 3600 1000
3600 3601 1000
3601 3602 1000
3602 3603 1000
3603 3604 1000
3604 3605 1000
3605 3606 1000
3606 3607 1000
3607 3608 1000
3608 3609 1000
3609 3610 1000
3610 3611 1000
3611 3612 1000
3612 3613 1000
3613 3614 1000
3614 3615 1000
3615 3616 1000
3616 3617 1000
3617 3618 1000
3618 3619 1000
3619 3620 1000
3620 3621 1000
3621 3622 1000
3622 3623 1000
3623 3624 1000
3624 3625 1000
3625 3626 1000
3626 3627 1000
3627 3628 1000
3628 3629 1000
3629 3630 1000
3630 3631 1000
3631 3632 1000
3632 3633 1000
3633 3634 1000
3634 3635 1000
3635 3636 1000
3636 3637 1000
3637 3638 1000
3638 3639 1000
3639 3640 1000
3640 3641 1000
3641 3642 1000
3642 3643 1000
3643 3644 1000
3644 3645 1000
3645 3646 1000
3646 3647 1000
3647 3648 1000
3648 3649 1000
3649 3650 1000
3650 3651 1000
3651 3652 1000
3652 3653 1000
3653 3654 1000
3654 3655 1000
3655 3656 1000
3656 3657 1000
3657 3658 1000
3658 3659 1000
3659 3660 1000
3660 3661 1000
3661 3662 1000
3662 3663 1000
3663 3664 1000
3664 3665 1000
3665 3666 1000
3666 3667 1000
3667 3668 1000
3668 3669 1000
3669 3670 1000
3670 3671 1000
3671 3672 1000
3672 3673 1000
3673 3674 1000
3674 3675 1000
3675 3676 1000
3676 3677 1000
3677 3678 1000
3678 3679 1000
3679 3680 1000
3680 3681 1000
3681 3682 1000
3682 3683 1000
3683 3684 1000
3684 3685 1000
3685 3686 1000
3686 3687 1000
3687 3688 1000
3688 3689 1000
3689 3690 1000
3690 3691 1000
3691 3692 1000
3692 3693 1000
3693 3694 1000
3694 3695 1000
3695 3696 1000
3696 3697 1000
3697 3698 1000
3698 3699 1000
3699 3700 1000
3700 3701 1000
3701 3702 1000
3702 3703 1000
3703 3704 1000
3704 3705 1000
3705 3706 1000
3706 3707 1000
3707 3708 1000
3708 3709 1000
3709 3710 1000
3710 3711 1000
3711 3712 1000
3712 3713 1000
3713 3714 1000
3714 3715 1000
3715 3716 1000
3716 3717 1000
3717 3718 1000
3718 3719 1000
3719 3720 1000
3720 3721 1000
3721 3722 1000
3722 3723 1000
3723 3724 1000
3724 3725 1000
3725 3726 1000
3726 3727 1000
3727 3728 1000
3728 3729 1000
3729 3730 1000
3730 3731 1000
3731 3732 1000
3732 3733 1000
3733 3734 1000
3734 3735 1000
3735 3736 1000
3736 3737 1000
3737 3738 1000
3738 3739 1000
3739 3740 1000
3740 3741 1000
3741 3742 1000
3742 3743 1000
3743 3744 1000
3744 3745 1000
3745 3746 1000
3746 3747 1000
3747 3748 1000
3748 3749 1000
3749 3750 1000
3750 3751 1000
3751 3752 1000
3752 3753 1000
3753 3754 1000
3754 3755 1000
3755 3756 1000
3756 3757 1000
3757 3758 1000
3758 3759 1000
3759 3760 1000
3760 3761 1000
3761 3762 1000
3762 3763 1000
3763 3764 1000
3764 3765 1000
3765 3766 1000
3766 3767 1000
3767 3768 1000
3768 3769 1000
3769 3770 1000
3770 3771 1000
3771 3772 1000
3772 3773 1000
3773 3774 1000
3774 3775 1000
3775 3776 1000
3776 3777 1000
3777 3778 1000
3778 3779 1000
3779 3780 1000
3780 3781 1000
3781 3782 1000
3782 3783 1000
3783 3784 1000
3784 3785 1000
3785 3786 1000
3786 3787 1000
3787 3788 1000
3788 3789 1000
3789 3790 1000
3790 3791 1000
3791 3792 1000
3792 3793 1000
3793 3794 1000
3794 3795 1000
3795 3796 1000
3796 3797 1000
3797 3798 1000
3798 3799 1000
3799 3800 1000
3800 3801 1000
3801 3802 1000
3802 3803 1000
3803 3804 1000
3804 3805 1000
3805 3806 1000
3806 3807 1000
3807 3808 1000
3808 3809 1000
3809 3810 1000
3810 3811 1000
3811 3812 1000
3812 3813 1000
3813 3814 1000
3814 3815 1000
3815 3816 1000
3816 3817 1000
3817 3818 1000
3818 3819 1000
3819 3820 1000
3820 3821 1000
3821 3822 1000
3822 3823 1000
3823 3824 1000
3824 3825 1000
3825 3826 1000
3826 3827 1000
3827 3828 1000
3828 3829 1000
3829 3830 1000
3830 3831 1000
3831 3832 1000
3832 3833 1000
3833 3834 1000
3834 3835 1000
3835 3836 1000
3836 3837 1000
3837 3838 1000
3838 3839 1000
3839 3840 1000
3840 3841 1000
3841 3842 1000
3842 3843 1000
3843 3844 1000
3844 3845 1000
3845 3846 1000
3846 3847 1000
3847 3848 1000
3848 3849 1000
3849 3850 1000
3850 3851 1000
3851 3852 1000
3852 3853 1000
3853 3854 1000
3854 3855 1000
3855 3856 1000
3856 3857 1000
3857 3858 1000
3858 3859 1000
3859 3860 1000
3860 3861 1000
3861 3862 1000
3862 3863 1000
3863 3864 1000
3864 3865 1000
3865 3866 1000
3866 3867 1000
3867 3868 1000
3868 3869 1000
3869 3870 1000
3870 3871 1000
3871 3872 1000
3872 3873 1000
3873 3874 1000
3874 3875 1000
3875 3876 1000
3876 3877 1000
3877 3878 1000
3878 3879 1000
3879 3880 1000
3880 3881 1000
3881 3882 1000
3882 3883 1000
3883 3884 1000
3884 3885 1000
3885 3886 1000
3886 3887 1000
3887 3888 1000
3888 3889 1000
3889 3890 1000
3890 3891 1000
3891 3892 1000
3892 3893 1000
3893 3894 1000
3894 3895 1000
3895 3896 1000
3896 3897 1000
3897 3898 1000
3898 3899 1000
3899 3900 1000
3900 3901 1000
3901 3902 1000
3902 3903 1000
3903 3904 1000
3904 3905 1000
3905 3906 1000
3906 3907 1000
3907 3908 1000
3908 3909 1000
3909 3910 1000
3910 3911 1000
3911 3912 1000
3912 3913 1000
3913 3914 1000
3914 3915 1000
3915 3916 1000
3916 3917 1000
3917 3918 1000
3918 3919 1000
3919 3920 1000
3920 3921 1000
3921 3922 1000
3922 3923 1000
3923 3924 1000
3924 3925 1000
3925 3926 1000
3926 3927 1000
3927 3928 1000
3928 3929 1000
3929 3930 1000
3930 3931 1000
3931 3932 1000
3932 3933 1000
3933 3934 1000
3934 3935 1000
3935 3936 1000
3936 3937 1000
3937 3938 1000
3938 3939 1000
3939 3940 1000
3940 3941 1000
3941 3942 1000
3942 3943 1000
3943 3944 1000
3944 3945 1000
3945 3946 1000
3946 3947 1000
3947 3948 1000
3948 3949 1000
3949 3950 1000
3950 3951 1000
3951 3952 1000
3952 3953 1000
3953 3954 1000
3954 3955 1000
3955 3956 1000
3956 3957 1000
3957 3958 1000
3958 3959 1000
3959 3960 1000
3960 3961 1000
3961 3962 1000
3962 3963 1000
3963 3964 1000
3964 3965 1000
3965 3966 1000
3966 3967 1000
3967 3968 1000
3968 3969 1000
3969 3970 1000
3970 3971 1000
3971 3972 1000
3972 3973 1000
3973 3974 1000
3974 3975 1000
3975 3976 1000
3976 3977 1000
3977 3978 1000
3978 3979 1000
3979 3980 1000
3980 3981 1000
3981 3982 1000
3982 3983 1000
3983 3984 1000
3984 3985 1000
3985 3986 1000
3986 3987 1000
3987 3988 1000
3988 3989 1000
3989 3990 1000
3990 3991 1000
3991 3992 1000
3992 3993 1000
3993 3994 1000
3994 3995 1000
3995 3996 1000
3996 3997 1000
3997 3998 1000
3998 3999 1000
3999 4000 1000
4000 4001 1000
4001 4002 1000
4002 4003 1000
4003 4004 1000
4004 4005 1000
4005 4006 1000
4006 4007 1000
4007 4008 1000
4008 4009 1000
4009 4010 1000
4010 4011 1000
4011 4012 1000
4012 4013 1000
4013 4014 1000
4014 4015 1000
4015 4016 1000
4016 4017 1000
4017 4018 1000
4018 4019 1000
4019 4020 1000
4020 4021 1000
4021 4022 1000
4022 4023 1000
4023 4024 1000
4024 4025 1000
4025 4026 1000
4026 4027 1000
4027 4028 1000
4028 4029 1000
4029 4030 1000
4030 4031 1000
4031 4032 1000
4032 4033 1000
4033 4034 1000
4034 4035 1000
4035 4036 1000
4036 4037 1000
4037 4038 1000
4038 4039 1000
4039 4040 1000
4040 4041 1000
4041 4042 1000
4042 4043 1000
4043 4044 1000
4044 4045 1000
4045 4046 1000
4046 4047 1000
4047 4048 1000
4048 4049 1000
4049 4050 1000
4050 4051 1000
4051 4052 1000
4052 4053 1000
4053 4054 1000
4054 4055 1000
4055 4056 1000
4056 4057 1000
4057 4058 1000
4058 4059 1000
4059 4060 1000
4060 4061 1000
4061 4062 1000
4062 4063 1000
4063 4064 1000
4064 4065 1000
4065 4066 1000
4066 4067 1000
4067 4068 1000
4068 4069 1000
4069 4070 1000
4070 4071 1000
4071 4072 1000
4072 4073 1000
4073 4074 1000
4074 4075 1000
4075 4076 1000
4076 4077 1000
4077 4078 1000
4078 4079 1000
4079 4080 1000
4080 4081 1000
4081 4082 1000
4082 4083 1000
4083 4084 1000
4084 4085 1000
4085 4086 1000
4086 4087 1000
4087 4088 1000
4088 4089 1000
4089 4090 1000
4090 4091 1000
4091 4092 1000
4092 4093 1000
4093 4094 1000
4094 4095 1000
4095 4096 1000
2
3
4
5
6
7
8
9
10
11
12
13
14
15
16
17
18
19
20
21
22
23
24
25
26
27
28
29
30
31
32
33
34
35
36
37
38
39
40
41
42
43
44
45
46
47
48
49
50
51
52
53
54
55
56
57
58
59
60
61
62
63
64
65
66
67
68
69
70
71
72
73
74
75
76
77
78
79
80
81
82
83
84
85
86
87
88
89
90
91
92
93
94
95
96
97
98
99
100
101
102
103
104
105
106
107
108
109
110
111
112
113
114
115
116
117
118
119
120
121
122
123
124
125
126
127
128
129
130
131
132
133
134
135
136
137
138
139
140
141
142
143
144
145
146
147
148
149
150
151
152
153
154
155
156
157
158
159
160
161
162
163
164
165
166
167
168
169
170
171
172
173
174
175
176
177
178
179
180
181
182
183
184
185
186
187
188
189
190
191
192
193
194
195
196
197
198
199
200
201
202
203
204
205
206
207
208
209
210
211
212
213
214
215
216
217
218
219
220
221
222
223
224
225
226
227
228
229
230
231
232
233
234
235
236
237
238
239
240
241
242
243
244
245
246
247
248
249
250
251
252
253
254
255
256
257
258
259
260
261
262
263
264
265
266
267
268
269
270
271
272
273
274
275
276
277
278
279
280
281
282
283
284
285
286
287
288
289
290
291
292
293
294
295
296
297
298
299
300
301
302
303
304
305
306
307
308
309
310
311
312
313
314
315
316
317
318
319
320
321
322
323
324
325
326
327
328
329
330
331
332
333
334
335
336
337
338
339
340
341
342
343
344
345
346
347
348
349
350
351
352
353
354
355
356
357
358
359
360
361
362
363
364
365
366
367
368
369
370
371
372
373
374
375
376
377
378
379
380
381
382
383
384
385
386
387
388
389
390
391
392
393
394
395
396
397
398
399
400
401
402
403
404
405
406
407
408
409
410
411
412
413
414
415
416
417
418
419
420
421
422
423
424
425
426
427
428
429
430
431
432
433
434
435
436
437
438
439
440
441
442
443
444
445
446
447
448
449
450
451
452
453
454
455
456
457
458
459
460
461
462
463
464
465
466
467
468
469
470
471
472
473
474
475
476
477
478
479
480
481
482
483
484
485
486
487
488
489
490
491
492
493
494
495
496
497
498
499
500
501
502
503
504
505
506
507
508
509
510
511
512
513
514
515
516
517
518
519
520
521
522
523
524
525
526
527
528
529
530
531
532
533
534
535
536
537
538
539
540
541
542
543
544
545
546
547
548
549
550
551
552
553
554
555
556
557
558
559
560
561
562
563
564
565
566
567
568
569
570
571
572
573
574
575
576
577
578
579
580
581
582
583
584
585
586
587
588
589
590
591
592
593
594
595
596
597
598
599
600
601
602
603
604
605
606
607
608
609
610
611
612
613
614
615
616
617
618
619
620
621
622
623
624
625
626
627
628
629
630
631
632
633
634
635
636
637
638
639
640
641
642
643
644
645
646
647
648
649
650
651
652
653
654
655
656
657
658
659
660
661
662
663
664
665
666
667
668
669
670
671
672
673
674
675
676
677
678
679
680
681
682
683
684
685
686
687
688
689
690
691
692
693
694
695
696
697
698
699
700
701
702
703
704
705
706
707
708
709
710
711
712
713
714
715
716
717
718
719
720
721
722
723
724
725
726
727
728
729
730
731
732
733
734
735
736
737
738
739
740
741
742
743
744
745
746
747
748
749
750
751
752
753
754
755
756
757
758
759
760
761
762
763
764
765
766
767
768
769
770
771
772
773
774
775
776
777
778
779
780
781
782
783
784
785
786
787
788
789
790
791
792
793
794
795
796
797
798
799
800
801
802
803
804
805
806
807
808
809
810
811
812
813
814
815
816
817
818
819
820
821
822
823
824
825
826
827
828
829
830
831
832
833
834
835
836
837
838
839
840
841
842
843
844
845
846
847
848
849
850
851
852
853
854
855
856
857
858
859
860
861
862
863
864
865
866
867
868
869
870
871
872
873
874
875
876
877
878
879
880
881
882
883
884
885
886
887
888
889
890
891
892
893
894
895
896
897
898
899
900
901
902
903
904
905
906
907
908
909
910
911
912
913
914
915
916
917
918
919
920
921
922
923
924
925
926
927
928
929
930
931
932
933
934
935
936
937
938
939
940
941
942
943
944
945
946
947
948
949
950
951
952
953
954
955
956
957
958
959
960
961
962
963
964
965
966
967
968
969
970
971
972
973
974
975
976
977
978
979
980
981
982
983
984
985
986
987
988
989
990
991
992
993
994
995
996
997
998
999
1000
1001
1002
1003
1004
1005
1006
1007
1008
1009
1010
1011
1012
1013
1014
1015
1016
1017
1018
1019
1020
1021
1022
1023
1024
1025
1026
1027
1028
1029
1030
1031
1032
1033
1034
1035
1036
1037
1038
1039
1040
1041
1042
1043
1044
1045
1046
1047
1048
1049
1050
1051
1052
1053
1054
1055
1056
1057
1058
1059
1060
1061
1062
1063
1064
1065
1066
1067
1068
1069
1070
1071
1072
1073
1074
1075
1076
1077
1078
1079
1080
1081
1082
1083
1084
1085
1086
1087
1088
1089
1090
1091
1092
1093
1094
1095
1096
1097
1098
1099
1100
1101
1102
1103
1104
1105
1106
1107
1108
1109
1110
1111
1112
1113
1114
1115
1116
1117
1118
1119
1120
1121
1122
1123
1124
1125
1126
1127
1128
1129
1130
1131
1132
1133
1134
1135
1136
1137
1138
1139
1140
1141
1142
1143
1144
1145
1146
1147
1148
1149
1150
1151
1152
1153
1154
1155
1156
1157
1158
1159
1160
1161
1162
1163
1164
1165
1166
1167
1168
1169
1170
1171
1172
1173
1174
1175
1176
1177
1178
1179
1180
1181
1182
1183
1184
1185
1186
1187
1188
1189
1190
1191
1192
1193
1194
1195
1196
1197
1198
1199
1200
1201
1202
1203
1204
1205
1206
1207
1208
1209
1210
1211
1212
1213
1214
1215
1216
1217
1218
1219
1220
1221
1222
1223
1224
1225
1226
1227
1228
1229
1230
1231
1232
1233
1234
1235
1236
1237
1238
1239
1240
1241
1242
1243
1244
1245
1246
1247
1248
1249
1250
1251
1252
1253
1254
1255
1256
1257
1258
1259
1260
1261
1262
1263
1264
1265
1266
1267
1268
1269
1270
1271
1272
1273
1274
1275
1276
1277
1278
1279
1280
1281
1282
1283
1284
1285
1286
1287
1288
1289
1290
1291
1292
1293
1294
1295
1296
1297
1298
1299
1300
1301
1302
1303
1304
1305
1306
1307
1308
1309
1310
1311
1312
1313
1314
1315
1316
1317
1318
1319
1320
1321
1322
1323
1324
1325
1326
1327
1328
1329
1330
1331
1332
1333
1334
1335
1336
1337
1338
1339
1340
1341
1342
1343
1344
1345
1346
1347
1348
1349
1350
1351
1352
1353
1354
1355
1356
1357
1358
1359
1360
1361
1362
1363
1364
1365
1366
1367
1368
1369
1370
1371
1372
1373
1374
1375
1376
1377
1378
1379
1380
1381
1382
1383
1384
1385
1386
1387
1388
1389
1390
1391
1392
1393
1394
1395
1396
1397
1398
1399
1400
1401
1402
1403
1404
1405
1406
1407
1408
1409
1410
1411
1412
1413
1414
1415
1416
1417
1418
1419
1420
1421
1422
1423
1424
1425
1426
1427
1428
1429
1430
1431
1432
1433
1434
1435
1436
1437
1438
1439
1440
1441
1442
1443
1444
1445
1446
1447
1448
1449
1450
1451
1452
1453
1454
1455
1456
1457
1458
1459
1460
1461
1462
1463
1464
1465
1466
1467
1468
1469
1470
1471
1472
1473
1474
1475
1476
1477
1478
1479
1480
1481
1482
1483
1484
1485
1486
1487
1488
1489
1490
1491
1492
1493
1494
1495
1496
1497
1498
1499
1500
1501
1502
1503
1504
1505
1506
1507
1508
1509
1510
1511
1512
1513
1514
1515
1516
1517
1518
1519
1520
1521
1522
1523
1524
1525
1526
1527
1528
1529
1530
1531
1532
1533
1534
1535
1536
1537
1538
1539
1540
1541
1542
1543
1544
1545
1546
1547
1548
1549
1550
1551
1552
1553
1554
1555
1556
1557
1558
1559
1560
1561
1562
1563
1564
1565
1566
1567
1568
1569
1570
1571
1572
1573
1574
1575
1576
1577
1578
1579
1580
1581
1582
1583
1584
1585
1586
1587
1588
1589
1590
1591
1592
1593
1594
1595
1596
1597
1598
1599
1600
1601
1602
1603
1604
1605
1606
1607
1608
1609
1610
1611
1612
1613
1614
1615
1616
1617
1618
1619
1620
1621
1622
1623
1624
1625
1626
1627
1628
1629
1630
1631
1632
1633
1634
1635
1636
1637
1638
1639
1640
1641
1642
1643
1644
1645
1646
1647
1648
1649
1650
1651
1652
1653
1654
1655
1656
1657
1658
1659
1660
1661
1662
1663
1664
1665
1666
1667
1668
1669
1670
1671
1672
1673
1674
1675
1676
1677
1678
1679
1680
1681
1682
1683
1684
1685
1686
1687
1688
1689
1690
1691
1692
1693
1694
1695
1696
1697
1698
1699
1700
1701
1702
1703
1704
1705
1706
1707
1708
1709
1710
1711
1712
1713
1714
1715
1716
1717
1718
1719
1720
1721
1722
1723
1724
1725
1726
1727
1728
1729
1730
1731
1732
1733
1734
1735
1736
1737
1738
1739
1740
1741
1742
1743
1744
1745
1746
1747
1748
1749
1750
1751
1752
1753
1754
1755
1756
1757
1758
1759
1760
1761
1762
1763
1764
1765
1766
1767
1768
1769
1770
1771
1772
1773
1774
1775
1776
1777
1778
1779
1780
1781
1782
1783
1784
1785
1786
1787
1788
1789
1790
1791
1792
1793
1794
1795
1796
1797
1798
1799
1800
1801
1802
1803
1804
1805
1806
1807
1808
1809
1810
1811
1812
1813
1814
1815
1816
1817
1818
1819
1820
1821
1822
1823
1824
1825
1826
1827
1828
1829
1830
1831
1832
1833
1834
1835
1836
1837
1838
1839
1840
1841
1842
1843
1844
1845
1846
1847
1848
1849
1850
1851
1852
1853
1854
1855
1856
1857
1858
1859
1860
1861
1862
1863
1864
1865
1866
1867
1868
1869
1870
1871
1872
1873
1874
1875
1876
1877
1878
1879
1880
1881
1882
1883
1884
1885
1886
1887
1888
1889
1890
1891
1892
1893
1894
1895
1896
1897
1898
1899
1900
1901
1902
1903
1904
1905
1906
1907
1908
1909
1910
1911
1912
1913
1914
1915
1916
1917
1918
1919
1920
1921
1922
1923
1924
1925
1926
1927
1928
1929
1930
1931
1932
1933
1934
1935
1936
1937
1938
1939
1940
1941
1942
1943
1944
1945
1946
1947
1948
1949
1950
1951
1952
1953
1954
1955
1956
1957
1958
1959
1960
1961
1962
1963
1964
1965
1966
1967
1968
1969
1970
1971
1972
1973
1974
1975
1976
1977
1978
1979
1980
1981
1982
1983
1984
1985
1986
1987
1988
1989
1990
1991
1992
1993
1994
1995
1996
1997
1998
1999
2000
2001
2002
2003
2004
2005
2006
2007
2008
2009
2010
2011
2012
2013
2014
2015
2016
2017
2018
2019
2020
2021
2022
2023
2024
2025
2026
2027
2028
2029
2030
2031
2032
2033
2034
2035
2036
2037
2038
2039
2040
2041
2042
2043
2044
2045
2046
2047
2048
2049
2050
2051
2052
2053
2054
2055
2056
2057
2058
2059
2060
2061
2062
2063
2064
2065
2066
2067
2068
2069
2070
2071
2072
2073
2074
2075
2076
2077
2078
2079
2080
2081
2082
2083
2084
2085
2086
2087
2088
2089
2090
2091
2092
2093
2094
2095
2096
2097
2098
2099
2100
2101
2102
2103
2104
2105
2106
2107
2108
2109
2110
2111
2112
2113
2114
2115
2116
2117
2118
2119
2120
2121
2122
2123
2124
2125
2126
2127
2128
2129
2130
2131
2132
2133
2134
2135
2136
2137
2138
2139
2140
2141
2142
2143
2144
2145
2146
2147
2148
2149
2150
2151
2152
2153
2154
2155
2156
2157
2158
2159
2160
2161
2162
2163
2164
2165
2166
2167
2168
2169
2170
2171
2172
2173
2174
2175
2176
2177
2178
2179
2180
2181
2182
2183
2184
2185
2186
2187
2188
2189
2190
2191
2192
2193
2194
2195
2196
2197
2198
2199
2200
2201
2202
2203
2204
2205
2206
2207
2208
2209
2210
2211
2212
2213
2214
2215
2216
2217
2218
2219
2220
2221
2222
2223
2224
2225
2226
2227
2228
2229
2230
2231
2232
2233
2234
2235
2236
2237
2238
2239
2240
2241
2242
2243
2244
2245
2246
2247
2248
2249
2250
2251
2252
2253
2254
2255
2256
2257
2258
2259
2260
2261
2262
2263
2264
2265
2266
2267
2268
2269
2270
2271
2272
2273
2274
2275
2276
2277
2278
2279
2280
2281
2282
2283
2284
2285
2286
2287
2288
2289
2290
2291
2292
2293
2294
2295
2296
2297
2298
2299
2300
2301
2302
2303
2304
2305
2306
2307
2308
2309
2310
2311
2312
2313
2314
2315
2316
2317
2318
2319
2320
2321
2322
2323
2324
2325
2326
2327
2328
2329
2330
2331
2332
2333
2334
2335
2336
2337
2338
2339
2340
2341
2342
2343
2344
2345
2346
2347
2348
2349
2350
2351
2352
2353
2354
2355
2356
2357
2358
2359
2360
2361
2362
2363
2364
2365
2366
2367
2368
2369
2370
2371
2372
2373
2374
2375
2376
2377
2378
2379
2380
2381
2382
2383
2384
2385
2386
2387
2388
2389
2390
2391
2392
2393
2394
2395
2396
2397
2398
2399
2400
2401
2402
2403
2404
2405
2406
2407
2408
2409
2410
2411
2412
2413
2414
2415
2416
2417
2418
2419
2420
2421
2422
2423
2424
2425
2426
2427
2428
2429
2430
2431
2432
2433
2434
2435
2436
2437
2438
2439
2440
2441
2442
2443
2444
2445
2446
2447
2448
2449
2450
2451
2452
2453
2454
2455
2456
2457
2458
2459
2460
2461
2462
2463
2464
2465
2466
2467
2468
2469
2470
2471
2472
2473
2474
2475
2476
2477
2478
2479
2480
2481
2482
2483
2484
2485
2486
2487
2488
2489
2490
2491
2492
2493
2494
2495
2496
2497
2498
2499
2500
2501
2502
2503
2504
2505
2506
2507
2508
2509
2510
2511
2512
2513
2514
2515
2516
2517
2518
2519
2520
2521
2522
2523
2524
2525
2526
2527
2528
2529
2530
2531
2532
2533
2534
2535
2536
2537
2538
2539
2540
2541
2542
2543
2544
2545
2546
2547
2548
2549
2550
2551
2552
2553
2554
2555
2556
2557
2558
2559
2560
2561
2562
2563
2564
2565
2566
2567
2568
2569
2570
2571
2572
2573
2574
2575
2576
2577
2578
2579
2580
2581
2582
2583
2584
2585
2586
2587
2588
2589
2590
2591
2592
2593
2594
2595
2596
2597
2598
2599
2600
2601
2602
2603
2604
2605
2606
2607
2608
2609
2610
2611
2612
2613
2614
2615
2616
2617
2618
2619
2620
2621
2622
2623
2624
2625
2626
2627
2628
2629
2630
2631
2632
2633
2634
2635
2636
2637
2638
2639
2640
2641
2642
2643
2644
2645
2646
2647
2648
2649
2650
2651
2652
2653
2654
2655
2656
2657
2658
2659
2660
2661
2662
2663
2664
2665
2666
2667
2668
2669
2670
2671
2672
2673
2674
2675
2676
2677
2678
2679
2680
2681
2682
2683
2684
2685
2686
2687
2688
2689
2690
2691
2692
2693
2694
2695
2696
2697
2698
2699
2700
2701
2702
2703
2704
2705
2706
2707
2708
2709
2710
2711
2712
2713
2714
2715
2716
2717
2718
2719
2720
2721
2722
2723
2724
2725
2726
2727
2728
2729
2730
2731
2732
2733
2734
2735
2736
2737
2738
2739
2740
2741
2742
2743
2744
2745
2746
2747
2748
2749
2750
2751
2752
2753
2754
2755
2756
2757
2758
2759
2760
2761
2762
2763
2764
2765
2766
2767
2768
2769
2770
2771
2772
2773
2774
2775
2776
2777
2778
2779
2780
2781
2782
2783
2784
2785
2786
2787
2788
2789
2790
2791
2792
2793
2794
2795
2796
2797
2798
2799
2800
2801
2802
2803
2804
2805
2806
2807
2808
2809
2810
2811
2812
2813
2814
2815
2816
2817
2818
2819
2820
2821
2822
2823
2824
2825
2826
2827
2828
2829
2830
2831
2832
2833
2834
2835
2836
2837
2838
2839
2840
2841
2842
2843
2844
2845
2846
2847
2848
2849
2850
2851
2852
2853
2854
2855
2856
2857
2858
2859
2860
2861
2862
2863
2864
2865
2866
2867
2868
2869
2870
2871
2872
2873
2874
2875
2876
2877
2878
2879
2880
2881
2882
2883
2884
2885
2886
2887
2888
2889
2890
2891
2892
2893
2894
2895
2896
2897
2898
2899
2900
2901
2902
2903
2904
2905
2906
2907
2908
2909
2910
2911
2912
2913
2914
2915
2916
2917
2918
2919
2920
2921
2922
2923
2924
2925
2926
2927
2928
2929
2930
2931
2932
2933
2934
2935
2936
2937
2938
2939
2940
2941
2942
2943
2944
2945
2946
2947
2948
2949
2950
2951
2952
2953
2954
2955
2956
2957
2958
2959
2960
2961
2962
2963
2964
2965
2966
2967
2968
2969
2970
2971
2972
2973
2974
2975
2976
2977
2978
2979
2980
2981
2982
2983
2984
2985
2986
2987
2988
2989
2990
2991
2992
2993
2994
2995
2996
2997
2998
2999
3000
3001
3002
3003
3004
3005
3006
3007
3008
3009
3010
3011
3012
3013
3014
3015
3016
3017
3018
3019
3020
3021
3022
3023
3024
3025
3026
3027
3028
3029
3030
3031
3032
3033
3034
3035
3036
3037
3038
3039
3040
3041
3042
3043
3044
3045
3046
3047
3048
3049
3050
3051
3052
3053
3054
3055
3056
3057
3058
3059
3060
3061
3062
3063
3064
3065
3066
3067
3068
3069
3070
3071
3072
3073
3074
3075
3076
3077
3078
3079
3080
3081
3082
3083
3084
3085
3086
3087
3088
3089
3090
3091
3092
3093
3094
3095
3096
3097
3098
3099
3100
3101
3102
3103
3104
3105
3106
3107
3108
3109
3110
3111
3112
3113
3114
3115
3116
3117
3118
3119
3120
3121
3122
3123
3124
3125
3126
3127
3128
3129
3130
3131
3132
3133
3134
3135
3136
3137
3138
3139
3140
3141
3142
3143
3144
3145
3146
3147
3148
3149
3150
3151
3152
3153
3154
3155
3156
3157
3158
3159
3160
3161
3162
3163
3164
3165
3166
3167
3168
3169
3170
3171
3172
3173
3174
3175
3176
3177
3178
3179
3180
3181
3182
3183
3184
3185
3186
3187
3188
3189
3190
3191
3192
3193
3194
3195
3196
3197
3198
3199
3200
3201
3202
3203
3204
3205
3206
3207
3208
3209
3210
3211
3212
3213
3214
3215
3216
3217
3218
3219
3220
3221
3222
3223
3224
3225
3226
3227
3228
3229
3230
3231
3232
3233
3234
3235
3236
3237
3238
3239
3240
3241
3242
3243
3244
3245
3246
3247
3248
3249
3250
3251
3252
3253
3254
3255
3256
3257
3258
3259
3260
3261
3262
3263
3264
3265
3266
3267
3268
3269
3270
3271
3272
3273
3274
3275
3276
3277
3278
3279
3280
3281
3282
3283
3284
3285
3286
3287
3288
3289
3290
3291
3292
3293
3294
3295
3296
3297
3298
3299
3300
3301
3302
3303
3304
3305
3306
3307
3308
3309
3310
3311
3312
3313
3314
3315
3316
3317
3318
3319
3320
3321
3322
3323
3324
3325
3326
3327
3328
3329
3330
3331
3332
3333
3334
3335
3336
3337
3338
3339
3340
3341
3342
3343
3344
3345
3346
3347
3348
3349
3350
3351
3352
3353
3354
3355
3356
3357
3358
3359
3360
3361
3362
3363
3364
3365
3366
3367
3368
3369
3370
3371
3372
3373
3374
3375
3376
3377
3378
3379
3380
3381
3382
3383
3384
3385
3386
3387
3388
3389
3390
3391
3392
3393
3394
3395
3396
3397
3398
3399
3400
3401
3402
3403
3404
3405
3406
3407
3408
3409
3410
3411
3412
3413
3414
3415
3416
3417
3418
3419
3420
3421
3422
3423
3424
3425
3426
3427
3428
3429
3430
3431
3432
3433
3434
3435
3436
3437
3438
3439
3440
3441
3442
3443
3444
3445
3446
3447
3448
3449
3450
3451
3452
3453
3454
3455
3456
3457
3458
3459
3460
3461
3462
3463
3464
3465
3466
3467
3468
3469
3470
3471
3472
3473
3474
3475
3476
3477
3478
3479
3480
3481
3482
3483
3484
3485
3486
3487
3488
3489
3490
3491
3492
3493
3494
3495
3496
3497
3498
3499
3500
3501
3502
3503
3504
3505
3506
3507
3508
3509
3510
3511
3512
3513
3514
3515
3516
3517
3518
3519
3520
3521
3522
3523
3524
3525
3526
3527
3528
3529
3530
3531
3532
3533
3534
3535
3536
3537
3538
3539
3540
3541
3542
3543
3544
3545
3546
3547
3548
3549
3550
3551
3552
3553
3554
3555
3556
3557
3558
3559
3560
3561
3562
3563
3564
3565
3566
3567
3568
3569
3570
3571
3572
3573
3574
3575
3576
3577
3578
3579
3580
3581
3582
3583
3584
3585
3586
3587
3588
3589
3590
3591
3592
3593
3594
3595
3596
3597
3598
3599
3600
3601
3602
3603
3604
3605
3606
3607
3608
3609
3610
3611
3612
3613
3614
3615
3616
3617
3618
3619
3620
3621
3622
3623
3624
3625
3626
3627
3628
3629
3630
3631
3632
3633
3634
3635
3636
3637
3638
3639
3640
3641
3642
3643
3644
3645
3646
3647
3648
3649
3650
3651
3652
3653
3654
3655
3656
3657
3658
3659
3660
3661
3662
3663
3664
3665
3666
3667
3668
3669
3670
3671
3672
3673
3674
3675
3676
3677
3678
3679
3680
3681
3682
3683
3684
3685
3686
3687
3688
3689
3690
3691
3692
3693
3694
3695
3696
3697
3698
3699
3700
3701
3702
3703
3704
3705
3706
3707
3708
3709
3710
3711
3712
3713
3714
3715
3716
3717
3718
3719
3720
3721
3722
3723
3724
3725
3726
3727
3728
3729
3730
3731
3732
3733
3734
3735
3736
3737
3738
3739
3740
3741
3742
3743
3744
3745
3746
3747
3748
3749
3750
3751
3752
3753
3754
3755
3756
3757
3758
3759
3760
3761
3762
3763
3764
3765
3766
3767
3768
3769
3770
3771
3772
3773
3774
3775
3776
3777
3778
3779
3780
3781
3782
3783
3784
3785
3786
3787
3788
3789
3790
3791
3792
3793
3794
3795
3796
3797
3798
3799
3800
3801
3802
3803
3804
3805
3806
3807
3808
3809
3810
3811
3812
3813
3814
3815
3816
3817
3818
3819
3820
3821
3822
3823
3824
3825
3826
3827
3828
3829
3830
3831
3832
3833
3834
3835
3836
3837
3838
3839
3840
3841
3842
3843
3844
3845
3846
3847
3848
3849
3850
3851
3852
3853
3854
3855
3856
3857
3858
3859
3860
3861
3862
3863
3864
3865
3866
3867
3868
3869
3870
3871
3872
3873
3874
3875
3876
3877
3878
3879
3880
3881
3882
3883
3884
3885
3886
3887
3888
3889
3890
3891
3892
3893
3894
3895
3896
3897
3898
3899
3900
3901
3902
3903
3904
3905
3906
3907
3908
3909
3910
3911
3912
3913
3914
3915
3916
3917
3918
3919
3920
3921
3922
3923
3924
3925
3926
3927
3928
3929
3930
3931
3932
3933
3934
3935
3936
3937
3938
3939
3940
3941
3942
3943
3944
3945
3946
3947
3948
3949
3950
3951
3952
3953
3954
3955
3956
3957
3958
3959
3960
3961
3962
3963
3964
3965
3966
3967
3968
3969
3970
3971
3972
3973
3974
3975
3976
3977
3978
3979
3980
3981
3982
3983
3984
3985
3986
3987
3988
3989
3990
3991
3992
3993
3994
3995
3996
3997
3998
3999
4000
4001
4002
4003
4004
4005
4006
4007
4008
4009
4010
4011
4012
4013
4014
4015
4016
4017
4018
4019
4020
4021
4022
4023
4024
4025
4026
4027
4028
4029
4030
4031
4032
4033
4034
4035
4036
4037
4038
4039
4040
4041
4042
4043
4044
4045
4046
4047
4048
4049
4050
4051
4052
4053
4054
4055
4056
4057
4058
4059
4060
4061
4062
4063
4064
4065
4066
4067
4068
4069
4070
4071
4072
4073
4074
4075
4076
4077
4078
4079
4080
4081
4082
4083
4084
4085
4086
4087
4088
4089
4090
4091
4092
4093
4094
4095
4096
