1000 999
2 1 21
3 1 103
4 2 809
5 4 818
6 1 341
7 6 805
8 7 948
9 5 184
10 4 762
11 8 332
12 4 284
13 11 558
14 8 52
15 7 475
16 13 491
17 13 321
18 6 7
19 2 466
20 10 101
21 3 722
22 4 855
23 22 929
24 6 891
25 24 597
26 3 18
27 25 956
28 6 320
29 20 867
30 25 42
31 4 706
32 23 447
33 32 418
34 2 518
35 19 241
36 30 220
37 24 213
38 1 196
39 22 815
40 23 2
41 36 272
42 2 183
43 30 831
44 21 721
45 7 910
46 22 696
47 20 652
48 45 660
49 25 447
50 31 128
51 23 668
52 36 364
53 45 910
54 38 664
55 13 386
56 51 457
57 2 523
58 43 95
59 19 780
60 12 444
61 26 578
62 35 551
63 33 264
64 61 585
65 12 593
66 61 55
67 57 877
68 67 60
69 50 927
70 51 405
71 23 200
72 51 658
73 16 885
74 67 614
75 55 229
76 48 876
77 1 210
78 2 729
79 76 796
80 18 669
81 14 179
82 51 793
83 44 86
84 57 643
85 43 398
86 67 768
87 45 74
88 19 877
89 14 262
90 43 307
91 37 978
92 45 111
93 18 791
94 61 530
95 73 495
96 56 722
97 50 235
98 67 375
99 57 113
100 73 691
101 70 215
102 12 858
103 82 806
104 79 254
105 69 654
106 50 79
107 39 349
108 85 484
109 39 238
110 83 665
111 107 486
112 45 549
113 67 508
114 96 603
115 90 925
116 54 768
117 42 504
118 81 296
119 25 407
120 59 139
121 64 702
122 20 830
123 81 773
124 58 805
125 37 781
126 43 621
127 82 363
128 78 450
129 60 348
130 73 120
131 7 402
132 28 343
133 31 156
134 100 952
135 33 407
136 56 600
137 73 470
138 71 250
139 51 755
140 1 758
141 12 40
142 4 787
143 103 582
144 58 273
145 13 199
146 133 847
147 63 277
148 18 405
149 7 139
150 48 588
151 48 569
152 64 943
153 145 398
154 84 508
155 80 722
156 136 199
157 4 465
158 73 252
159 95 965
160 111 399
161 149 137
162 38 723
163 20 636
164 145 631
165 67 43
166 145 149
167 90 878
168 49 171
169 71 434
170 141 75
171 120 526
172 39 795
173 50 659
174 152 629
175 118 532
176 49 545
177 68 110
178 121 665
179 77 341
180 74 75
181 134 17
182 94 952
183 172 653
184 59 350
185 84 780
186 87 313
187 45 375
188 7 834
189 156 571
190 14 563
191 150 485
192 72 838
193 3 209
194 55 305
195 119 898
196 136 878
197 27 287
198 50 589
199 167 220
200 72 407
201 107 144
202 201 478
203 66 313
204 145 931
205 3 500
206 143 464
207 111 155
208 176 779
209 38 995
210 52 999
211 99 510
212 97 128
213 98 74
214 126 789
215 110 829
216 89 68
217 36 286
218 40 202
219 129 287
220 184 959
221 27 867
222 37 34
223 42 560
224 95 946
225 180 975
226 30 936
227 188 45
228 167 550
229 197 29
230 88 576
231 86 533
232 73 290
233 122 751
234 173 190
235 75 321
236 231 162
237 37 234
238 139 693
239 149 955
240 61 472
241 13 446
242 131 81
243 236 55
244 78 114
245 135 530
246 172 594
247 56 946
248 206 348
249 235 487
250 136 128
251 45 222
252 217 559
253 34 785
254 165 283
255 19 480
256 125 18
257 24 606
258 32 590
259 39 784
260 18 408
261 250 289
262 47 652
263 120 247
264 62 796
265 221 716
266 137 678
267 253 965
268 50 71
269 180 157
270 61 107
271 241 878
272 184 177
273 44 816
274 221 886
275 260 738
276 23 471
277 167 604
278 218 305
279 158 638
280 79 506
281 8 933
282 29 713
283 270 928
284 138 365
285 171 200
286 101 386
287 130 424
288 257 876
289 275 828
290 124 697
291 19 912
292 158 962
293 278 222
294 202 849
295 184 886
296 87 513
297 222 159
298 75 280
299 273 387
300 299 443
301 288 647
302 184 755
303 29 13
304 27 899
305 109 669
306 165 128
307 6 402
308 98 815
309 94 641
310 85 572
311 137 279
312 170 401
313 160 664
314 13 981
315 223 308
316 76 801
317 296 483
318 61 236
319 185 320
320 173 525
321 218 239
322 232 812
323 273 76
324 16 462
325 8 515
326 291 23
327 60 167
328 298 214
329 71 283
330 151 356
331 67 17
332 128 624
333 39 20
334 130 595
335 209 888
336 296 891
337 251 85
338 234 518
339 142 170
340 285 284
341 333 979
342 151 337
343 78 197
344 230 715
345 239 895
346 15 518
347 137 460
348 164 503
349 241 792
350 193 834
351 20 123
352 336 505
353 58 867
354 304 115
355 241 675
356 121 961
357 271 632
358 212 67
359 60 304
360 240 57
361 193 919
362 163 627
363 238 772
364 232 225
365 264 793
366 66 256
367 16 128
368 331 203
369 200 858
370 342 985
371 96 554
372 18 80
373 346 394
374 265 150
375 120 192
376 348 783
377 41 585
378 19 721
379 40 63
380 301 29
381 80 763
382 248 645
383 22 397
384 156 684
385 353 730
386 289 466
387 48 755
388 114 254
389 52 996
390 369 248
391 106 460
392 147 883
393 250 305
394 355 973
395 93 891
396 178 621
397 324 336
398 348 312
399 176 104
400 179 179
401 264 376
402 175 26
403 183 226
404 21 304
405 367 617
406 78 142
407 294 649
408 202 932
409 348 796
410 63 904
411 41 568
412 7 926
413 276 505
414 196 988
415 177 445
416 236 829
417 298 127
418 186 714
419 381 715
420 313 424
421 279 179
422 388 862
423 401 552
424 185 570
425 100 962
426 198 578
427 102 244
428 226 407
429 47 976
430 282 306
431 380 918
432 277 507
433 172 145
434 85 984
435 320 524
436 152 254
437 359 835
438 99 493
439 252 156
440 229 729
441 167 786
442 368 871
443 289 789
444 51 354
445 39 271
446 301 71
447 168 161
448 260 653
449 301 66
450 31 497
451 13 215
452 329 383
453 135 683
454 328 690
455 64 586
456 151 196
457 130 742
458 148 740
459 221 927
460 296 520
461 159 307
462 123 768
463 176 320
464 145 112
465 248 195
466 164 455
467 460 833
468 58 37
469 436 578
470 447 447
471 283 383
472 423 565
473 117 934
474 235 118
475 152 902
476 178 843
477 436 790
478 197 751
479 110 404
480 202 135
481 209 751
482 264 9
483 195 675
484 403 232
485 40 116
486 272 630
487 102 48
488 277 932
489 224 370
490 410 335
491 406 146
492 75 978
493 25 459
494 429 922
495 417 353
496 165 221
497 108 972
498 258 932
499 320 15
500 165 173
501 158 917
502 243 194
503 144 178
504 303 391
505 82 289
506 248 689
507 145 713
508 131 758
509 489 260
510 507 186
511 257 987
512 439 930
513 212 923
514 480 448
515 491 574
516 98 56
517 505 76
518 17 845
519 183 369
520 132 940
521 143 864
522 415 159
523 91 415
524 278 559
525 506 212
526 511 503
527 425 11
528 189 32
529 122 971
530 176 134
531 473 958
532 263 971
533 124 89
534 26 203
535 217 754
536 233 842
537 365 537
538 307 292
539 534 961
540 340 662
541 16 906
542 267 890
543 422 913
544 105 95
545 475 788
546 394 568
547 428 899
548 153 579
549 239 364
550 401 598
551 315 661
552 345 469
553 58 259
554 90 541
555 356 272
556 553 14
557 39 371
558 380 839
559 116 813
560 258 862
561 88 806
562 219 413
563 231 731
564 555 617
565 449 357
566 331 679
567 564 582
568 536 677
569 207 470
570 43 979
571 208 770
572 445 627
573 491 189
574 289 51
575 352 688
576 48 317
577 389 251
578 98 955
579 216 814
580 430 896
581 383 17
582 433 387
583 368 384
584 164 832
585 155 769
586 546 641
587 181 613
588 146 393
589 12 333
590 519 856
591 74 784
592 404 197
593 403 229
594 86 198
595 85 948
596 382 863
597 277 489
598 372 318
599 23 54
600 128 674
601 559 254
602 393 250
603 93 236
604 421 200
605 452 325
606 451 807
607 76 146
608 87 164
609 332 885
610 104 435
611 493 459
612 48 271
613 310 444
614 234 165
615 378 33
616 364 825
617 494 353
618 291 268
619 426 263
620 358 371
621 372 773
622 468 339
623 383 591
624 5 604
625 47 818
626 467 204
627 623 264
628 5 205
629 262 998
630 309 602
631 364 241
632 147 686
633 173 862
634 81 835
635 633 371
636 300 745
637 43 212
638 610 130
639 535 639
640 187 554
641 518 17
642 117 797
643 425 144
644 314 444
645 581 740
646 374 555
647 609 964
648 383 471
649 33 972
650 549 67
651 406 364
652 420 659
653 558 546
654 184 620
655 500 332
656 579 526
657 25 569
658 589 467
659 644 519
660 204 451
661 557 362
662 198 86
663 556 72
664 87 264
665 583 754
666 449 888
667 328 348
668 613 245
669 372 435
670 107 169
671 279 64
672 287 190
673 64 374
674 441 883
675 66 860
676 417 558
677 154 772
678 371 897
679 609 813
680 406 462
681 271 542
682 439 906
683 655 558
684 612 947
685 129 30
686 636 816
687 569 314
688 643 394
689 161 427
690 484 553
691 401 798
692 35 578
693 162 166
694 499 706
695 350 38
696 159 178
697 41 461
698 98 168
699 472 224
700 148 283
701 250 822
702 346 508
703 318 943
704 521 617
705 640 246
706 15 605
707 254 812
708 184 606
709 624 829
710 355 975
711 668 23
712 294 369
713 491 605
714 526 915
715 621 427
716 288 159
717 242 523
718 21 423
719 517 593
720 422 567
721 61 478
722 29 757
723 393 109
724 497 784
725 390 872
726 714 968
727 383 206
728 186 756
729 348 231
730 685 362
731 633 665
732 198 914
733 208 311
734 486 364
735 53 177
736 415 623
737 413 19
738 656 961
739 618 823
740 684 301
741 228 188
742 312 209
743 283 592
744 143 276
745 430 115
746 522 835
747 557 553
748 267 895
749 638 691
750 554 446
751 661 329
752 354 13
753 672 552
754 167 450
755 148 252
756 718 662
757 657 462
758 375 838
759 522 360
760 9 461
761 97 97
762 80 437
763 625 739
764 398 765
765 586 553
766 220 268
767 742 528
768 625 251
769 207 241
770 566 420
771 244 358
772 247 902
773 58 565
774 553 403
775 426 226
776 772 702
777 23 800
778 4 672
779 171 10
780 667 359
781 199 969
782 15 223
783 593 552
784 460 476
785 640 761
786 586 650
787 188 61
788 787 979
789 185 126
790 624 729
791 493 914
792 109 549
793 713 363
794 309 365
795 588 496
796 502 134
797 540 329
798 611 315
799 268 619
800 751 601
801 649 317
802 597 977
803 708 150
804 292 716
805 192 627
806 117 172
807 654 312
808 74 944
809 717 974
810 637 507
811 707 982
812 273 440
813 597 237
814 105 469
815 393 222
816 650 928
817 497 80
818 328 535
819 451 674
820 51 532
821 66 494
822 222 425
823 305 425
824 711 987
825 610 880
826 62 933
827 288 465
828 606 183
829 163 539
830 748 53
831 98 142
832 758 754
833 830 773
834 392 263
835 325 920
836 414 673
837 805 124
838 340 375
839 132 993
840 451 94
841 706 961
842 594 567
843 114 32
844 425 750
845 696 246
846 101 121
847 55 996
848 657 134
849 364 242
850 816 605
851 77 1000
852 20 265
853 37 504
854 152 904
855 152 259
856 838 959
857 692 539
858 818 138
859 520 143
860 570 59
861 231 985
862 200 931
863 29 87
864 655 514
865 507 660
866 820 994
867 714 319
868 402 478
869 379 702
870 447 726
871 683 993
872 410 126
873 506 966
874 516 551
875 612 402
876 868 793
877 423 746
878 577 600
879 536 672
880 87 189
881 503 471
882 241 348
883 798 494
884 878 280
885 469 793
886 530 913
887 627 570
888 869 338
889 343 961
890 804 203
891 837 43
892 129 116
893 553 826
894 720 468
895 384 234
896 546 226
897 549 228
898 364 372
899 316 851
900 563 746
901 773 269
902 344 669
903 640 104
904 585 872
905 378 607
906 572 960
907 579 780
908 197 297
909 4 118
910 458 309
911 859 602
912 416 758
913 127 465
914 15 508
915 909 629
916 397 229
917 568 464
918 674 527
919 474 42
920 535 624
921 298 168
922 253 407
923 82 960
924 648 204
925 261 772
926 718 748
927 190 906
928 467 178
929 454 171
930 136 316
931 431 523
932 699 458
933 15 300
934 333 536
935 865 193
936 525 465
937 843 788
938 730 856
939 147 346
940 791 594
941 99 869
942 843 516
943 882 154
944 67 180
945 889 355
946 442 702
947 614 783
948 395 160
949 898 963
950 790 121
951 210 865
952 889 137
953 478 926
954 850 993
955 149 210
956 398 892
957 876 473
958 628 616
959 193 40
960 202 701
961 420 645
962 865 338
963 738 267
964 618 215
965 244 894
966 933 985
967 485 649
968 587 639
969 968 554
970 938 705
971 697 151
972 513 255
973 616 742
974 454 605
975 875 61
976 691 526
977 170 313
978 727 171
979 756 698
980 52 498
981 203 112
982 14 805
983 399 52
984 253 462
985 775 683
986 87 793
987 797 381
988 807 439
989 454 831
990 306 588
991 710 617
992 962 55
993 231 810
994 769 969
995 823 666
996 635 235
997 432 358
998 75 518
999 159 116
1000 914 693
910
823
837
651
154
236
31
176
869
421
631
951
450
967
158
957
114
239
958
676
792
137
836
515
286
682
80
533
245
110
169
217
634
278
803
434
739
391
377
228
152
874
109
489
629
232
921
800
468
545
347
816
189
478
783
706
482
745
499
304
546
612
92
791
88
79
342
669
369
350
187
255
259
303
668
708
128
548
928
776
19
627
883
718
204
220
248
207
754
42
643
339
735
493
860
406
368
939
987
623
827
689
622
678
707
335
39
923
261
731
436
594
504
710
464
567
609
680
509
330
925
111
418
94
252
408
146
58
414
125
124
471
796
826
974
522
13
864
511
447
343
479
320
417
518
646
633
771
338
420
679
475
199
801
721
292
177
127
980
775
870
281
560
516
534
157
310
932
263
691
608
324
2
353
375
761
574
782
445
99
381
701
274
626
136
752
403
871
573
780
577
685
4
367
167
25
673
700
149
480
466
289
769
142
654
751
558
892
53
140
366
498
601
410
108
750
484
16
934
451
325
655
819
671
398
918
460
517
188
849
606
806
81
385
664
893
313
725
394
898
616
441
197
6
749
35
30
337
968
28
541
68
500
231
442
550
948
835
582
175
36
273
875
316
340
619
903
356
389
738
119
881
996
295
909
165
822
540
297
317
993
764
653
168
774
772
428
659
290
291
681
388
43
155
736
276
591
905
554
345
178
474
890
138
729
704
97
551
267
744
492
762
746
123
922
144
477
937
174
453
448
93
373
5
858
346
432
70
415
18
929
319
173
66
972
205
998
523
661
470
724
262
785
602
355
163
171
299
955
855
462
824
87
778
915
804
920
21
856
966
641
7
965
203
617
118
210
430
709
539
186
491
306
692
211
370
575
254
705
741
46
143
862
904
935
440
717
810
488
384
457
807
531
851
253
208
808
825
383
481
67
547
971
439
603
96
894
675
852
413
784
848
323
727
647
529
69
424
781
814
302
621
37
756
222
587
333
569
811
713
449
102
270
225
387
238
162
961
943
115
12
514
363
379
583
977
85
242
116
607
308
873
597
358
10
672
376
133
229
435
552
931
405
244
902
193
813
747
130
14
988
190
332
830
799
321
530
976
82
279
802
865
844
425
486
510
648
266
658
952
54
755
553
26
47
543
348
380
742
329
790
697
888
832
508
361
914
821
38
285
349
334
696
887
562
180
307
452
195
753
147
206
444
639
620
164
992
788
838
126
933
897
15
392
426
48
861
853
615
879
786
660
924
352
233
812
841
240
564
766
50
247
200
41
156
570
571
592
78
237
234
868
182
396
670
122
106
815
374
311
666
251
166
950
336
113
218
674
716
241
970
984
876
503
212
469
71
223
268
456
472
544
258
65
763
919
59
723
528
926
847
467
458
364
512
386
191
770
662
657
584
100
941
161
912
49
24
51
854
145
720
151
588
357
501
600
613
885
120
159
767
104
983
95
999
978
777
989
8
446
496
91
956
129
75
44
318
962
525
740
150
429
578
494
667
243
257
986
382
757
566
867
895
568
565
947
201
773
686
60
101
652
473
264
22
719
465
328
990
798
938
572
625
135
139
312
687
271
694
246
839
636
401
683
698
954
52
34
585
758
506
940
527
202
645
397
359
886
11
431
916
737
843
476
284
63
614
994
148
580
734
877
422
360
642
344
526
975
628
665
817
760
732
946
963
850
3
56
23
29
224
863
282
61
331
945
605
227
107
997
610
409
86
438
513
378
89
555
505
411
134
866
840
820
537
900
172
256
964
314
283
624
872
703
985
973
690
884
275
105
576
216
795
556
693
579
459
454
520
809
638
393
805
1000
141
170
702
433
927
640
327
644
859
221
76
942
637
326
743
17
235
121
908
630
699
632
695
960
959
463
497
372
833
538
20
45
351
103
72
524
953
581
618
882
407
196
27
677
213
293
982
831
995
828
192
194
656
294
215
490
596
981
260
214
265
793
936
561
399
249
362
857
288
354
301
185
878
64
179
437
226
913
906
305
423
535
309
590
593
77
663
132
649
779
917
365
595
829
427
712
521
549
650
759
404
891
83
979
711
160
507
944
272
586
563
519
880
73
502
198
277
400
722
991
789
153
794
62
911
9
969
536
787
557
55
733
250
390
899
748
184
797
896
768
889
300
604
611
269
765
183
40
845
395
730
714
98
443
74
84
487
907
296
599
559
930
230
715
532
542
901
209
461
219
726
131
402
419
455
818
57
949
412
32
287
598
684
371
341
495
181
589
315
90
298
416
280
728
483
117
112
635
846
834
33
322
485
688
842
