1000 999
2 1 158
3 2 672
4 2 958
5 4 436
6 1 784
7 4 609
8 6 962
9 4 269
10 7 764
11 10 134
12 4 811
13 7 476
14 2 709
15 12 227
16 12 426
17 8 988
18 9 380
19 15 619
20 1 869
21 16 497
22 11 714
23 15 455
24 9 435
25 5 307
26 16 66
27 2 20
28 13 608
29 16 442
30 8 261
31 29 109
32 3 930
33 27 979
34 3 780
35 14 63
36 17 134
37 29 174
38 7 671
39 16 300
40 23 311
41 4 170
42 2 318
43 22 527
44 7 837
45 2 384
46 3 992
47 10 126
48 20 377
49 4 167
50 39 737
51 9 873
52 2 821
53 2 830
54 30 823
55 29 953
56 54 623
57 26 777
58 46 439
59 15 512
60 43 597
61 44 634
62 13 496
63 51 627
64 48 295
65 35 182
66 6 999
67 62 912
68 3 442
69 64 54
70 48 250
71 48 394
72 70 22
73 43 262
74 42 728
75 29 244
76 12 71
77 17 149
78 23 752
79 23 379
80 36 673
81 1 721
82 61 346
83 70 848
84 11 318
85 43 240
86 33 673
87 59 994
88 23 666
89 71 578
90 12 938
91 36 916
92 61 998
93 74 396
94 66 436
95 54 978
96 92 470
97 74 469
98 42 925
99 22 787
100 30 785
101 80 109
102 16 198
103 54 505
104 47 176
105 63 874
106 58 645
107 63 919
108 69 738
109 72 768
110 97 355
111 97 368
112 79 588
113 60 76
114 44 370
115 15 545
116 14 137
117 13 607
118 51 911
119 89 746
120 31 519
121 28 289
122 108 535
123 82 901
124 18 655
125 12 354
126 76 766
127 30 555
128 41 585
129 121 93
130 6 511
131 123 533
132 83 463
133 28 633
134 6 348
135 5 63
136 100 820
137 74 273
138 20 230
139 101 426
140 104 468
141 140 363
142 32 683
143 51 730
144 77 312
145 49 937
146 8 84
147 60 617
148 119 311
149 41 175
150 61 41
151 145 155
152 32 103
153 79 779
154 128 26
155 99 212
156 100 871
157 89 258
158 42 163
159 116 835
160 25 217
161 44 728
162 75 662
163 121 670
164 88 488
165 25 424
166 31 223
167 120 656
168 10 17
169 132 833
170 93 771
171 26 207
172 120 140
173 3 642
174 24 181
175 9 773
176 39 406
177 47 394
178 44 74
179 14 742
180 53 621
181 77 671
182 7 661
183 182 544
184 39 907
185 154 50
186 153 678
187 184 592
188 59 894
189 62 418
190 82 201
191 91 892
192 97 195
193 91 992
194 193 349
195 78 738
196 21 34
197 19 675
198 129 143
199 175 908
200 70 96
201 88 460
202 67 556
203 183 863
204 192 34
205 2 218
206 65 163
207 180 23
208 102 823
209 41 362
210 150 496
211 170 482
212 144 946
213 28 874
214 185 754
215 37 250
216 166 208
217 187 718
218 158 252
219 98 338
220 88 552
221 56 974
222 64 146
223 2 618
224 101 443
225 7 989
226 155 584
227 115 467
228 12 619
229 80 667
230 186 939
231 150 69
232 139 492
233 49 117
234 76 584
235 115 445
236 50 376
237 151 818
238 5 521
239 21 904
240 103 893
241 199 940
242 84 885
243 133 300
244 228 868
245 208 5
246 159 769
247 1 458
248 229 383
249 173 705
250 205 257
251 212 869
252 21 359
253 222 714
254 26 844
255 35 563
256 123 458
257 65 736
258 193 400
259 248 665
260 88 699
261 80 960
262 158 246
263 72 811
264 162 714
265 16 779
266 113 233
267 102 402
268 83 560
269 31 154
270 198 786
271 139 103
272 18 154
273 117 435
274 128 191
275 160 717
276 41 831
277 16 405
278 212 67
279 10 318
280 210 120
281 43 339
282 217 45
283 203 791
284 257 676
285 27 838
286 267 318
287 185 680
288 184 71
289 50 617
290 7 984
291 251 439
292 58 79
293 230 227
294 228 976
295 142 223
296 115 274
297 88 63
298 141 858
299 59 522
300 124 873
301 40 954
302 139 108
303 84 936
304 132 816
305 41 973
306 249 897
307 289 671
308 219 777
309 226 159
310 210 624
311 22 437
312 260 302
313 121 947
314 12 226
315 290 780
316 173 777
317 312 335
318 209 848
319 115 628
320 187 165
321 12 976
322 164 631
323 183 309
324 192 743
325 175 930
326 87 565
327 124 155
328 198 558
329 248 420
330 193 305
331 156 684
332 41 735
333 283 787
334 292 473
335 156 939
336 231 199
337 98 97
338 15 38
339 312 213
340 36 658
341 124 29
342 22 150
343 90 846
344 248 813
345 218 400
346 120 528
347 345 133
348 183 626
349 306 528
350 186 34
351 152 964
352 209 395
353 306 777
354 294 41
355 37 425
356 169 443
357 78 672
358 299 35
359 355 87
360 2 825
361 189 774
362 292 695
363 330 608
364 228 701
365 336 349
366 169 621
367 62 538
368 270 238
369 305 348
370 228 303
371 198 547
372 274 72
373 342 47
374 173 999
375 157 645
376 142 415
377 241 46
378 105 699
379 333 679
380 199 733
381 125 417
382 185 538
383 114 377
384 54 213
385 114 576
386 211 745
387 63 179
388 216 214
389 13 197
390 113 558
391 375 263
392 3 906
393 198 669
394 71 94
395 257 88
396 384 549
397 191 921
398 182 128
399 205 303
400 398 832
401 270 650
402 234 885
403 183 435
404 219 997
405 242 99
406 12 32
407 178 628
408 282 26
409 392 472
410 241 97
411 261 432
412 153 158
413 360 578
414 324 894
415 181 634
416 345 309
417 80 735
418 115 744
419 380 837
420 175 664
421 306 415
422 65 955
423 394 156
424 406 864
425 145 112
426 61 243
427 424 20
428 127 418
429 293 491
430 17 227
431 114 21
432 43 723
433 191 602
434 352 36
435 379 857
436 151 264
437 175 322
438 139 877
439 419 641
440 351 863
441 211 396
442 367 580
443 154 46
444 431 188
445 119 332
446 362 383
447 27 944
448 41 582
449 174 305
450 349 878
451 308 36
452 346 214
453 337 145
454 317 870
455 256 921
456 396 535
457 277 436
458 357 996
459 452 256
460 183 202
461 368 467
462 326 544
463 80 109
464 440 485
465 72 317
466 341 203
467 291 134
468 94 941
469 315 767
470 351 529
471 8 970
472 364 428
473 433 574
474 315 250
475 463 391
476 446 104
477 316 359
478 314 600
479 63 575
480 387 780
481 138 437
482 410 451
483 375 788
484 182 736
485 188 870
486 317 423
487 238 382
488 45 1
489 353 577
490 55 16
491 186 691
492 152 607
493 15 766
494 167 52
495 72 439
496 78 874
497 332 349
498 33 195
499 177 592
500 479 583
501 488 344
502 310 116
503 87 974
504 7 810
505 225 272
506 240 614
507 103 370
508 350 498
509 95 534
510 500 214
511 265 499
512 43 500
513 505 597
514 134 491
515 340 58
516 20 335
517 204 628
518 89 403
519 204 492
520 232 248
521 493 108
522 271 676
523 141 245
524 7 103
525 184 844
526 197 676
527 176 728
528 252 939
529 244 526
530 319 577
531 397 777
532 374 184
533 311 74
534 431 896
535 45 81
536 151 571
537 111 170
538 225 315
539 209 107
540 220 233
541 427 446
542 272 594
543 399 988
544 494 971
545 105 238
546 40 812
547 223 809
548 135 309
549 311 111
550 98 903
551 317 993
552 376 728
553 322 976
554 549 165
555 20 938
556 359 755
557 124 662
558 310 874
559 364 979
560 307 31
561 223 212
562 532 953
563 114 459
564 519 203
565 120 422
566 165 592
567 245 156
568 534 576
569 277 344
570 14 128
571 195 167
572 382 713
573 170 93
574 94 96
575 30 738
576 112 127
577 405 923
578 184 594
579 69 566
580 64 647
581 503 788
582 34 362
583 478 222
584 270 383
585 531 9
586 367 447
587 358 511
588 334 202
589 186 105
590 371 112
591 70 826
592 40 819
593 34 744
594 2 813
595 176 80
596 416 204
597 200 303
598 435 273
599 470 459
600 243 116
601 275 208
602 151 507
603 151 807
604 504 803
605 254 42
606 45 403
607 379 92
608 337 869
609 460 97
610 579 78
611 7 458
612 342 688
613 311 264
614 245 849
615 230 370
616 167 644
617 233 627
618 339 625
619 582 410
620 110 623
621 141 83
622 138 725
623 551 660
624 87 778
625 106 729
626 147 251
627 226 521
628 350 478
629 131 175
630 518 361
631 596 873
632 26 222
633 401 70
634 611 891
635 194 474
636 293 16
637 589 238
638 501 390
639 145 846
640 20 414
641 116 268
642 320 303
643 483 840
644 67 255
645 273 717
646 356 984
647 424 519
648 518 819
649 65 594
650 279 94
651 95 797
652 249 410
653 635 715
654 394 836
655 41 91
656 609 472
657 325 826
658 532 299
659 473 60
660 635 183
661 144 932
662 531 591
663 308 332
664 139 102
665 441 640
666 95 604
667 297 343
668 662 36
669 190 731
670 256 870
671 499 689
672 480 105
673 443 106
674 159 945
675 463 373
676 632 89
677 230 868
678 501 139
679 374 3
680 140 708
681 111 252
682 216 265
683 347 701
684 604 9
685 105 893
686 549 281
687 154 238
688 358 714
689 573 212
690 356 808
691 179 441
692 514 57
693 625 446
694 209 855
695 675 101
696 305 587
697 153 453
698 29 647
699 245 32
700 121 929
701 696 572
702 171 220
703 340 825
704 116 429
705 391 681
706 691 856
707 314 90
708 687 722
709 643 482
710 465 844
711 581 547
712 37 438
713 120 254
714 392 410
715 402 654
716 251 176
717 248 386
718 362 115
719 413 897
720 92 897
721 346 305
722 662 651
723 482 465
724 29 752
725 92 911
726 244 42
727 207 864
728 614 843
729 491 498
730 702 307
731 156 129
732 441 907
733 586 767
734 289 313
735 566 866
736 223 314
737 237 232
738 155 577
739 663 464
740 559 913
741 632 370
742 324 196
743 680 432
744 377 276
745 252 87
746 195 139
747 562 231
748 407 233
749 337 576
750 546 419
751 523 333
752 109 81
753 635 64
754 119 666
755 592 271
756 650 510
757 414 732
758 57 592
759 20 537
760 375 617
761 244 285
762 154 342
763 603 893
764 304 533
765 400 672
766 525 753
767 482 992
768 565 224
769 547 790
770 553 302
771 419 282
772 19 411
773 319 439
774 24 896
775 584 207
776 696 997
777 11 507
778 759 733
779 732 707
780 43 504
781 293 656
782 182 799
783 27 594
784 155 17
785 154 824
786 50 173
787 473 117
788 288 605
789 118 751
790 63 500
791 615 588
792 159 844
793 115 325
794 581 803
795 702 627
796 690 594
797 609 951
798 403 470
799 197 539
800 328 417
801 354 994
802 511 822
803 623 122
804 41 920
805 379 9
806 25 362
807 436 144
808 782 994
809 86 271
810 419 838
811 418 341
812 172 171
813 30 209
814 732 290
815 277 738
816 95 619
817 97 476
818 103 500
819 269 398
820 791 278
821 629 183
822 519 301
823 15 840
824 639 914
825 643 532
826 644 845
827 499 642
828 72 731
829 641 224
830 331 251
831 90 405
832 733 965
833 505 232
834 814 226
835 221 402
836 537 574
837 663 84
838 383 31
839 744 99
840 87 165
841 809 900
842 624 350
843 419 927
844 590 200
845 276 45
846 128 253
847 813 351
848 265 67
849 186 331
850 372 504
851 288 810
852 653 457
853 691 707
854 288 165
855 618 338
856 629 386
857 469 140
858 456 597
859 245 737
860 86 310
861 809 447
862 562 917
863 574 559
864 330 574
865 540 279
866 57 401
867 222 394
868 167 142
869 229 307
870 317 443
871 575 1
872 229 843
873 604 789
874 475 838
875 232 207
876 415 842
877 645 114
878 292 459
879 379 653
880 28 18
881 628 296
882 830 534
883 299 673
884 18 214
885 270 70
886 171 336
887 840 898
888 192 815
889 501 732
890 545 766
891 457 117
892 559 277
893 356 116
894 630 945
895 451 916
896 528 632
897 823 648
898 93 262
899 848 764
900 492 320
901 572 891
902 303 371
903 901 196
904 87 484
905 495 844
906 372 288
907 451 981
908 625 783
909 633 45
910 179 154
911 121 547
912 789 195
913 455 10
914 359 670
915 403 969
916 349 776
917 398 829
918 204 767
919 619 943
920 378 135
921 72 394
922 516 776
923 534 535
924 757 68
925 599 240
926 541 391
927 574 240
928 473 630
929 837 894
930 841 407
931 356 142
932 565 815
933 234 463
934 220 558
935 217 553
936 840 437
937 920 383
938 294 319
939 539 948
940 931 992
941 742 349
942 289 810
943 569 680
944 76 484
945 434 319
946 99 110
947 153 201
948 240 54
949 72 18
950 93 19
951 324 98
952 329 903
953 938 347
954 34 361
955 804 529
956 552 46
957 790 767
958 841 60
959 939 573
960 893 103
961 123 978
962 666 982
963 140 233
964 522 592
965 312 267
966 71 288
967 683 851
968 568 948
969 700 146
970 110 496
971 531 268
972 252 981
973 667 585
974 492 624
975 965 905
976 199 167
977 324 514
978 94 101
979 451 406
980 97 579
981 270 325
982 748 527
983 687 309
984 49 863
985 542 387
986 148 756
987 76 748
988 580 333
989 539 129
990 421 991
991 818 48
992 837 553
993 631 200
994 657 682
995 611 300
996 463 934
997 299 286
998 741 676
999 63 129
1000 42 573
857
758
305
626
803
834
441
536
178
223
923
865
634
892
408
654
565
594
122
78
639
67
396
809
465
155
87
930
814
237
757
131
708
818
198
769
315
836
924
793
962
156
768
703
582
3
207
586
267
848
415
445
53
463
523
337
478
280
668
778
191
672
212
117
724
429
264
550
522
710
658
310
900
239
323
164
745
214
339
600
570
161
542
471
847
231
505
901
656
386
691
870
537
663
690
97
225
573
876
824
665
300
145
975
245
598
190
602
413
859
587
744
532
771
159
909
950
852
596
874
805
688
840
8
507
405
563
281
559
211
982
450
443
17
704
244
696
652
871
332
166
765
556
727
518
821
219
232
571
813
987
661
817
116
551
949
21
163
35
344
922
224
677
199
883
734
993
580
437
60
201
866
274
282
446
473
667
490
241
664
910
92
66
260
843
735
343
973
533
192
486
327
19
368
707
268
845
489
597
36
585
920
850
382
911
967
926
109
160
271
520
41
880
752
894
379
301
829
336
515
407
85
858
252
913
32
233
39
893
995
872
948
345
623
939
33
933
44
453
547
468
374
799
721
269
141
747
714
620
319
393
936
182
257
548
186
972
317
5
108
335
466
719
695
485
434
669
512
863
996
998
475
419
313
479
458
104
425
38
584
249
723
61
593
504
572
985
10
227
120
158
346
52
905
165
45
93
743
324
878
193
148
292
611
454
816
42
887
364
643
143
103
888
755
371
64
79
30
851
544
175
200
218
142
741
470
779
822
340
226
791
932
72
808
675
627
864
966
403
539
248
685
203
959
605
205
480
378
653
750
491
2
293
312
176
73
940
197
538
763
311
27
80
621
295
927
151
713
221
716
842
95
354
516
849
500
377
400
546
934
682
651
807
990
918
524
456
494
662
54
208
988
503
683
297
567
679
484
322
316
96
492
432
440
711
802
739
860
513
272
128
410
980
968
376
773
534
564
499
303
325
674
526
531
589
648
296
830
14
772
455
28
616
448
26
789
738
917
614
579
426
502
477
736
59
299
603
577
837
528
375
557
942
399
230
529
185
138
916
514
106
619
228
234
262
552
196
800
406
213
353
256
71
801
129
945
469
255
124
277
132
265
767
202
326
298
266
16
278
810
804
421
891
869
360
647
210
625
835
792
467
147
831
731
366
915
25
321
285
775
954
812
684
877
222
947
395
29
394
881
398
595
397
380
111
756
50
806
194
105
481
369
333
590
261
4
828
251
561
497
123
527
994
971
895
246
135
642
617
150
882
259
242
640
986
177
873
290
144
363
254
331
84
896
776
65
715
134
482
788
462
474
753
754
992
459
273
717
699
581
964
555
75
334
102
361
583
890
726
286
357
422
875
780
162
365
825
937
749
660
74
34
770
392
906
820
919
49
493
999
11
367
57
496
173
127
819
418
126
862
907
461
356
687
404
692
681
487
89
409
417
320
438
338
288
167
235
351
391
76
435
956
624
701
15
146
609
188
401
83
630
88
678
133
9
330
943
13
646
115
592
130
287
217
698
101
622
170
618
23
58
574
588
439
488
689
423
362
991
798
921
304
220
250
98
929
562
37
7
796
671
149
247
348
635
51
797
12
841
383
204
136
823
885
680
291
543
984
746
560
761
686
644
613
649
578
294
114
62
632
925
914
91
568
612
31
390
153
110
243
553
782
969
69
68
889
263
764
844
342
853
989
169
216
171
525
827
751
867
55
358
238
215
941
416
349
152
100
938
464
912
341
720
56
370
540
697
733
140
935
206
107
236
955
307
953
554
641
961
549
951
974
638
154
737
530
402
908
420
899
700
958
77
785
275
384
424
355
748
119
183
833
628
352
510
693
509
172
811
22
725
139
168
81
631
350
498
868
898
125
886
157
832
610
501
794
730
952
457
302
46
903
521
442
604
783
978
284
740
541
732
48
702
387
433
787
633
722
599
253
428
558
976
670
309
414
181
997
388
983
645
372
607
137
766
180
705
545
591
657
427
838
113
928
606
47
1000
861
209
90
517
112
431
24
706
904
82
897
347
436
879
729
94
795
308
229
676
195
846
884
240
931
569
979
270
43
189
786
535
615
40
444
629
452
856
902
636
965
283
389
839
276
184
784
121
99
742
381
781
637
411
977
359
451
289
694
566
70
187
373
960
495
709
575
608
815
673
666
476
981
412
329
279
86
760
855
826
20
483
179
946
650
447
762
314
957
174
659
508
777
854
718
970
63
728
385
449
519
576
774
963
944
506
712
655
511
6
328
472
318
430
601
759
118
258
306
790
18
460
