100 99
2 1 336
3 2 43
4 3 774
5 3 628
6 3 857
7 6 80
8 6 335
9 6 4
10 6 871
11 9 142
12 11 856
13 11 693
14 10 655
15 9 233
16 15 37
17 15 143
18 16 327
19 18 944
20 18 172
21 15 919
22 15 410
23 14 890
24 13 504
25 20 662
26 23 878
27 26 155
28 26 379
29 20 649
30 23 163
31 28 491
32 22 898
33 31 489
34 33 461
35 33 505
36 25 595
37 34 600
38 37 305
39 26 840
40 31 37
41 40 317
42 32 386
43 42 503
44 13 454
45 42 325
46 39 620
47 46 923
48 30 537
49 41 822
50 48 300
51 50 395
52 49 898
53 52 443
54 41 293
55 53 579
56 49 881
57 56 360
58 57 570
59 58 73
60 59 964
61 60 204
62 61 799
63 62 225
64 48 26
65 51 644
66 52 755
67 66 250
68 61 361
69 46 797
70 68 805
71 70 542
72 71 978
73 55 631
74 64 840
75 72 80
76 68 679
77 75 41
78 68 185
79 74 401
80 56 146
81 58 571
82 81 929
83 81 557
84 75 725
85 77 680
86 84 618
87 86 790
88 40 335
89 79 888
90 85 748
91 90 799
92 84 722
93 83 601
94 88 127
95 90 757
96 90 373
97 94 113
98 55 863
99 87 799
100 99 865
53
8
39
68
58
18
5
90
40
15
73
19
24
35
76
69
89
62
81
67
77
12
13
95
17
48
96
74
99
3
45
42
31
30
86
60
61
43
16
37
64
80
88
6
51
33
84
28
71
46
7
94
93
54
36
2
22
92
27
29
34
4
79
41
52
38
50
63
75
65
49
9
85
78
25
66
98
83
10
87
44
55
91
26
100
14
59
23
70
47
32
82
56
57
11
20
72
21
97
