1000 999
2 1 226
3 1 286
4 1 757
5 4 13
6 4 442
7 4 471
8 5 389
9 8 29
10 4 150
11 8 478
12 4 716
13 3 979
14 9 335
15 2 388
16 2 885
17 13 807
18 3 339
19 17 82
20 12 175
21 8 383
22 21 431
23 6 201
24 21 634
25 22 393
26 21 828
27 12 316
28 10 995
29 15 981
30 5 693
31 6 83
32 26 27
33 26 641
34 21 186
35 31 229
36 32 931
37 1 937
38 36 900
39 5 396
40 14 629
41 35 879
42 8 927
43 9 933
44 4 566
45 30 804
46 42 874
47 19 150
48 13 994
49 46 724
50 49 305
51 19 23
52 41 585
53 23 615
54 37 263
55 38 949
56 49 990
57 37 353
58 47 555
59 52 875
60 37 10
61 53 927
62 12 668
63 26 336
64 22 818
65 49 358
66 33 790
67 56 253
68 44 395
69 40 829
70 13 468
71 53 94
72 65 201
73 22 708
74 44 45
75 66 195
76 72 970
77 29 579
78 42 751
79 4 460
80 22 774
81 77 948
82 59 631
83 45 665
84 43 544
85 68 192
86 8 627
87 19 263
88 48 389
89 4 552
90 66 775
91 35 809
92 89 713
93 44 759
94 29 628
95 64 627
96 78 812
97 41 831
98 73 369
99 87 761
100 75 775
101 30 411
102 84 319
103 23 987
104 80 126
105 72 726
106 41 779
107 64 523
108 102 38
109 33 22
110 103 88
111 91 777
112 101 236
113 81 348
114 94 844
115 111 570
116 79 272
117 56 748
118 32 76
119 8 537
120 93 756
121 50 514
122 96 968
123 24 694
124 12 315
125 49 803
126 118 390
127 90 428
128 36 44
129 47 164
130 122 757
131 29 724
132 81 714
133 96 525
134 61 142
135 134 667
136 60 721
137 111 150
138 32 679
139 48 558
140 7 618
141 101 655
142 70 753
143 13 287
144 71 156
145 99 832
146 32 800
147 87 350
148 7 486
149 146 499
150 53 8
151 130 80
152 84 146
153 18 710
154 94 35
155 109 674
156 60 756
157 95 121
158 68 665
159 158 124
160 151 107
161 13 206
162 26 528
163 105 921
164 153 604
165 149 45
166 63 878
167 38 705
168 161 476
169 1 847
170 88 828
171 36 812
172 7 205
173 140 822
174 1 872
175 154 940
176 24 695
177 22 471
178 2 282
179 135 46
180 18 934
181 85 442
182 168 164
183 34 63
184 141 967
185 73 423
186 152 785
187 2 57
188 169 355
189 33 815
190 57 642
191 83 829
192 11 237
193 81 501
194 119 53
195 80 825
196 79 865
197 68 725
198 44 759
199 182 212
200 22 372
201 130 466
202 171 852
203 44 12
204 23 710
205 75 584
206 33 798
207 153 358
208 123 362
209 170 86
210 53 679
211 191 191
212 89 336
213 129 40
214 161 468
215 115 940
216 8 242
217 2 672
218 161 458
219 161 785
220 76 346
221 193 444
222 123 35
223 117 222
224 93 459
225 71 337
226 15 540
227 177 670
228 6 817
229 134 535
230 69 618
231 181 951
232 48 242
233 208 381
234 115 987
235 84 992
236 227 952
237 184 990
238 72 138
239 79 342
240 108 507
241 119 658
242 92 524
243 60 320
244 4 164
245 4 135
246 52 374
247 203 259
248 150 624
249 83 48
250 61 404
251 154 762
252 194 927
253 95 991
254 56 798
255 97 984
256 190 388
257 51 410
258 227 174
259 24 379
260 254 429
261 76 934
262 103 230
263 135 629
264 96 349
265 162 468
266 137 4
267 47 62
268 188 738
269 209 261
270 132 129
271 178 421
272 99 662
273 138 732
274 7 943
275 19 496
276 167 123
277 134 397
278 168 465
279 264 731
280 239 321
281 64 166
282 200 512
283 249 568
284 218 231
285 20 783
286 197 817
287 95 14
288 166 248
289 65 269
290 157 474
291 113 657
292 197 416
293 27 462
294 129 895
295 260 861
296 4 907
297 165 969
298 233 932
299 228 856
300 150 174
301 178 78
302 38 25
303 27 444
304 166 843
305 291 738
306 217 240
307 24 674
308 162 243
309 170 664
310 16 302
311 245 554
312 286 396
313 187 906
314 209 755
315 301 411
316 61 347
317 228 433
318 180 325
319 271 161
320 298 883
321 254 5
322 318 429
323 169 110
324 144 870
325 12 444
326 318 736
327 125 549
328 207 858
329 236 511
330 314 170
331 232 914
332 194 821
333 244 148
334 79 936
335 160 402
336 324 473
337 247 564
338 229 126
339 212 409
340 114 423
341 48 947
342 25 910
343 80 971
344 80 756
345 13 828
346 186 969
347 31 126
348 312 725
349 38 935
350 50 508
351 300 538
352 129 669
353 43 878
354 16 921
355 336 970
356 77 754
357 106 411
358 294 158
359 352 541
360 125 342
361 122 961
362 17 74
363 197 739
364 91 15
365 147 715
366 155 923
367 298 442
368 338 623
369 143 188
370 159 57
371 182 436
372 64 851
373 191 798
374 266 304
375 63 947
376 145 386
377 375 107
378 210 693
379 209 326
380 252 242
381 213 940
382 3 323
383 32 352
384 24 618
385 143 405
386 176 966
387 74 348
388 163 325
389 81 127
390 189 246
391 285 215
392 391 366
393 312 650
394 178 183
395 288 601
396 144 198
397 22 897
398 125 915
399 89 819
400 360 502
401 65 750
402 41 652
403 125 715
404 131 505
405 219 931
406 18 787
407 404 462
408 299 179
409 196 723
410 79 148
411 99 171
412 183 408
413 387 40
414 18 340
415 413 224
416 57 392
417 408 612
418 274 121
419 25 410
420 271 421
421 266 338
422 290 264
423 268 121
424 367 132
425 295 588
426 115 364
427 244 633
428 117 267
429 311 760
430 292 880
431 383 378
432 418 265
433 358 291
434 42 273
435 28 540
436 259 123
437 133 222
438 412 456
439 11 141
440 299 508
441 237 801
442 9 688
443 7 61
444 118 870
445 59 288
446 64 319
447 180 678
448 220 528
449 79 523
450 355 124
451 84 147
452 213 112
453 140 320
454 143 237
455 264 45
456 179 33
457 247 157
458 35 129
459 232 564
460 97 99
461 170 702
462 74 398
463 34 870
464 429 540
465 311 605
466 41 481
467 72 564
468 335 614
469 183 829
470 243 232
471 98 118
472 110 174
473 416 513
474 61 644
475 408 430
476 171 431
477 387 475
478 362 381
479 181 526
480 132 829
481 474 199
482 361 322
483 178 855
484 89 343
485 119 33
486 400 594
487 197 999
488 33 987
489 474 379
490 121 146
491 16 471
492 110 553
493 385 343
494 415 978
495 492 265
496 443 589
497 349 652
498 471 112
499 2 598
500 217 551
501 130 108
502 209 152
503 107 356
504 88 851
505 219 832
506 433 952
507 199 188
508 159 110
509 137 921
510 474 788
511 253 275
512 499 628
513 402 409
514 377 295
515 187 898
516 59 312
517 257 127
518 311 103
519 151 199
520 399 560
521 73 282
522 5 864
523 44 164
524 501 96
525 400 351
526 239 242
527 340 692
528 65 928
529 236 161
530 278 293
531 469 431
532 292 275
533 308 587
534 328 193
535 153 267
536 181 624
537 208 383
538 258 451
539 219 232
540 150 43
541 297 670
542 269 352
543 45 281
544 18 723
545 207 936
546 105 887
547 320 141
548 148 676
549 525 261
550 163 622
551 384 539
552 448 255
553 552 605
554 102 654
555 17 905
556 165 853
557 418 577
558 480 581
559 83 183
560 297 467
561 557 814
562 464 140
563 543 728
564 103 99
565 264 781
566 127 97
567 226 632
568 447 410
569 84 719
570 59 773
571 237 119
572 543 771
573 458 421
574 93 603
575 415 155
576 174 313
577 522 405
578 135 628
579 552 310
580 61 470
581 232 656
582 275 369
583 106 229
584 316 779
585 148 604
586 210 150
587 228 987
588 581 886
589 284 131
590 134 376
591 173 266
592 495 889
593 143 928
594 407 479
595 450 740
596 352 86
597 255 340
598 533 699
599 371 635
600 432 384
601 438 135
602 443 498
603 115 961
604 394 928
605 208 757
606 81 319
607 593 34
608 582 949
609 18 762
610 527 989
611 513 602
612 381 72
613 57 928
614 266 656
615 352 650
616 485 939
617 447 719
618 60 977
619 282 268
620 476 98
621 507 775
622 61 204
623 327 942
624 491 122
625 220 241
626 71 661
627 230 771
628 419 388
629 256 556
630 17 416
631 527 994
632 396 396
633 325 633
634 240 541
635 283 300
636 189 786
637 271 450
638 60 57
639 573 493
640 176 531
641 362 608
642 629 855
643 291 546
644 75 182
645 372 482
646 600 98
647 549 952
648 635 839
649 154 500
650 182 103
651 344 884
652 456 276
653 548 951
654 258 314
655 241 901
656 591 468
657 506 304
658 228 418
659 395 299
660 489 633
661 650 555
662 127 412
663 276 587
664 54 767
665 271 503
666 227 719
667 556 505
668 253 535
669 345 784
670 351 180
671 349 494
672 375 357
673 530 162
674 122 127
675 573 332
676 464 587
677 623 759
678 122 170
679 337 315
680 598 380
681 106 462
682 346 851
683 3 792
684 99 100
685 309 522
686 333 339
687 224 311
688 329 48
689 68 749
690 360 617
691 84 487
692 30 421
693 327 659
694 460 771
695 430 895
696 458 878
697 184 272
698 150 965
699 304 214
700 130 325
701 522 308
702 568 793
703 420 317
704 262 372
705 28 704
706 192 878
707 556 716
708 176 148
709 699 367
710 288 627
711 649 509
712 697 32
713 44 893
714 129 763
715 690 315
716 596 985
717 584 223
718 150 603
719 711 545
720 293 247
721 200 533
722 116 705
723 626 873
724 473 741
725 41 486
726 669 573
727 700 625
728 614 869
729 185 868
730 329 169
731 402 122
732 27 118
733 548 700
734 11 934
735 237 380
736 559 317
737 539 54
738 287 831
739 456 715
740 463 971
741 122 981
742 646 502
743 88 888
744 467 83
745 187 163
746 359 506
747 348 751
748 89 731
749 349 289
750 487 440
751 183 975
752 245 75
753 127 820
754 365 548
755 153 146
756 150 256
757 562 567
758 421 291
759 115 117
760 426 621
761 365 386
762 216 996
763 536 296
764 169 693
765 612 48
766 274 661
767 484 550
768 545 643
769 545 273
770 620 781
771 454 429
772 521 344
773 94 520
774 22 985
775 317 162
776 60 605
777 725 197
778 239 33
779 411 923
780 255 852
781 767 200
782 75 886
783 528 749
784 291 757
785 124 646
786 189 350
787 314 151
788 719 764
789 91 491
790 134 148
791 699 5
792 731 769
793 196 758
794 688 826
795 73 558
796 35 587
797 334 489
798 214 780
799 447 802
800 605 593
801 348 398
802 295 848
803 527 778
804 343 739
805 283 220
806 632 878
807 76 628
808 446 50
809 618 978
810 57 329
811 174 989
812 537 513
813 123 228
814 30 328
815 322 223
816 291 322
817 13 113
818 244 695
819 714 140
820 293 912
821 473 492
822 762 196
823 213 347
824 716 678
825 699 708
826 428 743
827 140 645
828 201 566
829 610 510
830 533 187
831 735 312
832 268 180
833 486 968
834 524 556
835 427 448
836 317 598
837 598 315
838 282 598
839 699 781
840 737 457
841 490 443
842 606 25
843 437 72
844 244 366
845 448 493
846 390 854
847 421 323
848 483 25
849 109 341
850 340 182
851 751 575
852 517 636
853 662 565
854 58 73
855 105 712
856 346 114
857 195 563
858 760 219
859 854 628
860 345 383
861 535 823
862 813 542
863 93 190
864 161 771
865 50 964
866 259 737
867 247 882
868 332 210
869 313 995
870 572 582
871 151 102
872 590 93
873 717 154
874 843 183
875 105 99
876 441 164
877 316 688
878 766 623
879 760 241
880 281 141
881 119 272
882 791 802
883 877 989
884 430 2
885 799 445
886 467 762
887 50 21
888 474 409
889 880 803
890 525 200
891 229 789
892 801 891
893 643 282
894 848 871
895 158 398
896 292 584
897 472 384
898 580 244
899 570 172
900 532 313
901 491 337
902 568 942
903 298 535
904 737 775
905 277 928
906 47 176
907 76 569
908 601 894
909 173 847
910 419 531
911 334 302
912 827 384
913 39 28
914 612 970
915 239 347
916 288 441
917 225 670
918 209 611
919 337 984
920 585 80
921 891 730
922 786 664
923 17 250
924 733 134
925 798 545
926 734 188
927 128 646
928 493 210
929 456 320
930 242 559
931 476 906
932 385 942
933 809 307
934 838 101
935 196 625
936 274 884
937 523 198
938 197 525
939 851 438
940 333 877
941 144 469
942 571 459
943 650 135
944 169 736
945 553 597
946 533 871
947 929 609
948 574 968
949 152 630
950 938 731
951 635 70
952 594 4
953 507 11
954 102 321
955 315 598
956 720 617
957 523 121
958 485 61
959 563 667
960 254 671
961 805 752
962 444 373
963 561 9
964 39 955
965 801 880
966 748 265
967 43 796
968 549 80
969 82 897
970 368 309
971 740 268
972 943 919
973 464 381
974 121 977
975 623 372
976 652 17
977 582 846
978 920 448
979 593 46
980 78 168
981 239 159
982 879 658
983 437 654
984 310 788
985 443 796
986 501 374
987 949 932
988 44 715
989 804 940
990 75 620
991 820 677
992 216 933
993 299 439
994 282 447
995 955 44
996 186 69
997 846 137
998 192 987
999 271 565
1000 521 754
942
845
917
670
727
71
193
738
10
817
896
426
886
70
601
129
679
964
744
641
625
355
25
662
729
251
346
791
345
44
955
622
633
412
839
764
124
358
102
293
442
248
900
294
134
281
903
298
746
394
324
517
724
272
284
218
98
303
441
212
207
891
275
52
765
494
830
819
837
792
693
876
39
154
984
471
635
700
575
535
731
111
224
168
458
172
263
814
836
933
190
997
242
677
460
863
865
203
973
874
424
752
347
821
117
187
852
778
43
378
209
323
416
568
991
318
992
542
342
793
470
33
127
751
629
75
89
858
47
905
430
397
360
833
392
527
132
922
277
191
716
702
666
756
322
607
113
546
320
161
803
461
573
627
237
695
81
602
499
231
6
30
126
12
183
811
572
197
485
645
21
447
749
870
624
374
985
977
818
789
927
877
563
640
482
202
970
558
671
497
339
868
194
664
38
632
19
688
363
726
881
866
890
674
99
137
487
614
24
736
576
761
592
919
476
771
260
760
17
595
518
770
571
143
790
841
655
658
338
478
711
171
685
559
806
356
712
893
87
976
820
188
694
160
566
377
653
60
926
182
782
895
916
849
861
596
385
854
283
31
851
860
656
978
9
887
492
501
245
504
557
387
745
465
878
652
810
468
759
586
981
22
185
807
100
678
484
211
155
438
257
448
97
794
762
301
219
321
520
781
490
289
950
675
206
848
73
459
230
733
362
696
483
152
560
20
205
673
660
247
965
618
200
552
371
962
823
857
408
93
766
610
594
797
603
737
486
812
686
774
453
901
144
83
296
331
451
146
313
381
386
650
375
968
925
348
953
280
384
763
431
533
884
141
419
217
282
723
265
825
56
638
936
198
508
328
703
220
648
796
333
420
580
157
82
422
239
940
584
201
741
413
250
383
292
344
297
107
775
444
975
189
687
828
456
404
389
846
115
178
667
947
153
974
85
555
869
545
911
467
644
252
543
958
215
539
396
581
253
620
84
332
462
192
646
110
475
493
91
591
106
76
519
234
158
636
466
621
511
619
45
856
879
649
390
477
233
196
306
256
529
799
639
496
547
276
121
349
500
747
657
710
672
255
532
86
684
750
142
706
302
307
827
177
651
510
184
728
232
615
175
370
663
326
366
254
69
665
654
429
414
455
988
170
787
899
718
780
692
525
556
369
244
54
472
882
317
920
714
888
528
565
335
980
4
432
425
246
871
330
163
875
315
795
979
341
173
531
631
180
587
395
579
23
850
757
310
923
735
411
269
725
268
930
971
166
400
883
221
479
599
103
42
63
274
779
910
27
569
864
53
41
659
948
826
61
526
474
109
831
72
661
18
769
351
481
407
969
549
832
410
739
34
941
719
873
773
538
999
898
642
939
68
541
897
417
915
945
963
388
290
608
776
921
742
104
454
405
777
862
798
264
418
473
67
28
304
732
376
350
913
128
305
932
598
589
524
327
808
902
844
480
550
314
222
853
243
701
130
372
768
433
809
208
136
952
959
824
316
32
785
628
987
918
683
379
55
391
564
156
434
783
457
401
509
1000
353
236
285
889
611
3
147
337
428
842
364
238
855
279
609
829
65
707
16
522
36
15
697
228
995
993
949
754
88
78
49
286
176
553
689
116
961
464
92
403
704
748
334
393
630
270
715
278
996
352
597
705
8
767
169
287
151
668
140
847
934
223
669
240
954
772
357
361
698
488
229
406
95
914
164
516
266
213
463
872
570
507
834
722
13
382
989
894
96
295
937
951
680
340
365
399
647
300
119
336
402
709
409
226
998
643
380
801
708
561
907
249
435
804
929
491
489
606
786
267
912
956
982
582
623
29
938
616
805
802
299
262
368
859
554
946
578
753
534
815
676
199
373
214
145
309
259
583
990
354
562
600
167
108
544
291
867
62
681
35
838
506
498
843
816
502
26
120
415
840
994
537
150
149
928
58
204
909
588
967
924
983
904
159
450
131
943
101
514
740
105
80
966
885
986
51
720
577
523
691
179
79
495
530
515
585
503
713
972
574
590
437
398
505
721
540
40
452
181
521
359
957
122
90
908
118
66
730
536
37
604
593
288
11
743
436
800
59
125
94
567
123
46
312
944
682
138
311
512
813
449
258
225
112
822
308
174
216
329
195
835
210
634
445
2
5
626
7
165
367
605
784
551
325
906
439
548
273
612
427
74
931
139
699
227
788
637
690
960
319
758
114
935
469
717
135
421
343
513
617
241
734
440
261
57
446
186
423
613
162
755
148
235
14
133
50
64
892
443
271
880
48
77
