100 99
2 1 40
3 2 292
4 3 706
5 2 878
6 1 141
7 1 760
8 2 267
9 5 450
10 2 404
11 6 149
12 2 549
13 6 672
14 4 208
15 13 333
16 5 956
17 15 601
18 8 115
19 13 577
20 1 228
21 19 748
22 15 61
23 6 619
24 20 921
25 9 514
26 25 472
27 12 739
28 1 875
29 23 523
30 16 486
31 2 428
32 30 716
33 9 525
34 22 69
35 32 476
36 8 596
37 34 998
38 28 697
39 5 61
40 15 913
41 40 984
42 14 623
43 3 589
44 35 274
45 4 95
46 11 753
47 17 532
48 39 413
49 41 271
50 34 475
51 27 794
52 49 518
53 45 573
54 41 942
55 45 684
56 22 700
57 36 662
58 17 625
59 22 530
60 26 9
61 47 31
62 8 664
63 51 300
64 26 953
65 49 374
66 32 250
67 16 479
68 36 350
69 42 558
70 59 736
71 67 598
72 30 49
73 63 578
74 45 215
75 43 396
76 6 185
77 38 306
78 67 572
79 11 235
80 60 529
81 61 739
82 64 499
83 27 948
84 43 619
85 60 849
86 68 672
87 15 959
88 21 491
89 42 373
90 19 333
91 77 382
92 80 491
93 47 536
94 33 852
95 44 444
96 63 702
97 90 988
98 59 856
99 97 561
100 7 198
60
26
10
18
44
14
97
94
98
42
79
91
68
59
49
86
47
61
88
55
28
99
89
12
17
30
34
66
3
69
51
71
46
27
83
39
50
36
100
58
82
35
70
87
57
13
92
64
15
6
45
9
56
77
74
16
93
31
4
11
53
2
43
62
20
5
90
73
52
33
48
54
40
21
75
65
78
95
41
29
25
72
7
8
38
24
37
76
63
32
85
22
23
81
84
96
80
19
67
