1000 999
2 1 925
3 1 188
4 1 81
5 2 757
6 2 783
7 4 175
8 2 743
9 2 412
10 7 388
11 3 696
12 7 468
13 8 176
14 5 443
15 6 813
16 11 74
17 14 369
18 13 756
19 7 947
20 10 425
21 11 485
22 5 136
23 9 277
24 14 672
25 20 634
26 5 803
27 22 106
28 27 44
29 9 946
30 20 613
31 2 447
32 4 756
33 4 668
34 11 53
35 34 332
36 27 668
37 22 748
38 30 444
39 26 347
40 2 426
41 37 808
42 8 630
43 3 591
44 26 301
45 26 964
46 35 274
47 3 809
48 7 67
49 44 431
50 3 498
51 5 471
52 15 742
53 22 867
54 47 813
55 53 275
56 21 526
57 38 756
58 21 318
59 29 138
60 11 418
61 2 132
62 52 646
63 46 178
64 4 323
65 36 178
66 41 882
67 25 591
68 26 579
69 29 535
70 41 491
71 26 848
72 35 457
73 66 517
74 52 137
75 15 307
76 66 542
77 59 339
78 6 847
79 39 916
80 65 482
81 27 39
82 29 701
83 60 743
84 82 661
85 61 531
86 25 138
87 77 245
88 8 436
89 68 182
90 67 676
91 55 916
92 2 458
93 59 351
94 58 631
95 54 822
96 13 168
97 67 494
98 52 322
99 79 868
100 80 249
101 40 860
102 11 906
103 98 62
104 13 253
105 101 633
106 85 663
107 83 937
108 74 290
109 71 23
110 76 875
111 70 456
112 63 612
113 11 242
114 109 783
115 74 317
116 41 332
117 111 832
118 7 725
119 112 23
120 57 624
121 55 635
122 119 523
123 111 1
124 47 102
125 113 318
126 19 961
127 24 153
128 46 293
129 55 284
130 36 480
131 74 892
132 98 301
133 36 908
134 52 132
135 75 986
136 113 298
137 81 225
138 124 478
139 28 40
140 53 527
141 16 277
142 96 696
143 41 388
144 92 908
145 136 6
146 127 947
147 7 294
148 36 154
149 65 399
150 109 138
151 129 78
152 104 726
153 47 537
154 86 799
155 35 810
156 116 834
157 118 978
158 47 658
159 111 592
160 25 388
161 49 748
162 132 248
163 25 91
164 18 650
165 118 464
166 111 878
167 96 12
168 146 1000
169 26 986
170 165 466
171 128 879
172 89 186
173 17 417
174 173 871
175 171 744
176 12 532
177 128 717
178 18 686
179 60 624
180 59 997
181 106 478
182 32 231
183 152 449
184 47 830
185 81 671
186 36 179
187 97 56
188 44 972
189 30 517
190 74 926
191 164 407
192 57 856
193 57 641
194 181 370
195 169 876
196 65 372
197 51 993
198 157 639
199 169 413
200 187 479
201 133 866
202 101 715
203 73 540
204 29 382
205 112 617
206 55 671
207 86 246
208 139 386
209 26 308
210 97 839
211 205 67
212 192 931
213 6 39
214 123 435
215 115 735
216 18 402
217 216 209
218 64 290
219 162 595
220 43 358
221 188 339
222 20 440
223 218 106
224 114 252
225 43 491
226 186 51
227 34 951
228 191 668
229 211 603
230 39 581
231 103 47
232 188 873
233 151 869
234 180 340
235 198 41
236 16 323
237 169 517
238 88 149
239 138 125
240 163 297
241 144 813
242 51 554
243 62 687
244 221 302
245 106 23
246 233 209
247 43 576
248 44 403
249 136 644
250 239 233
251 57 511
252 22 268
253 187 904
254 95 858
255 213 414
256 7 241
257 255 994
258 48 823
259 201 623
260 111 451
261 117 385
262 223 418
263 143 434
264 258 797
265 194 831
266 241 766
267 238 355
268 196 46
269 268 402
270 249 586
271 112 285
272 130 437
273 22 79
274 197 229
275 225 814
276 252 290
277 157 14
278 276 901
279 44 539
280 276 894
281 1 180
282 175 137
283 83 881
284 257 472
285 26 397
286 192 152
287 44 560
288 76 769
289 12 92
290 238 151
291 187 106
292 66 765
293 176 505
294 96 289
295 133 549
296 2 844
297 5 812
298 99 378
299 115 913
300 97 714
301 268 531
302 14 657
303 175 95
304 221 433
305 8 945
306 288 433
307 72 636
308 234 717
309 9 27
310 84 780
311 238 104
312 171 960
313 88 945
314 167 455
315 258 526
316 237 513
317 301 731
318 293 117
319 92 778
320 44 735
321 97 847
322 89 524
323 231 909
324 105 612
325 289 85
326 97 87
327 281 500
328 37 724
329 274 463
330 93 234
331 226 62
332 280 705
333 13 851
334 235 938
335 276 145
336 139 838
337 202 897
338 220 46
339 249 522
340 96 115
341 221 268
342 212 217
343 7 293
344 157 420
345 340 721
346 218 399
347 145 261
348 311 204
349 234 407
350 278 460
351 173 316
352 105 952
353 21 772
354 328 655
355 160 354
356 253 800
357 289 878
358 303 597
359 270 127
360 16 979
361 349 334
362 159 439
363 164 500
364 144 385
365 341 756
366 353 564
367 193 221
368 225 193
369 109 803
370 54 109
371 20 719
372 191 75
373 181 511
374 79 52
375 344 817
376 95 932
377 247 927
378 23 90
379 364 716
380 339 566
381 117 509
382 272 828
383 253 717
384 323 934
385 361 787
386 135 632
387 164 142
388 382 239
389 245 533
390 253 132
391 361 521
392 169 461
393 211 914
394 209 576
395 295 21
396 303 469
397 38 306
398 13 290
399 308 502
400 46 299
401 260 986
402 189 979
403 402 114
404 240 224
405 256 624
406 75 200
407 273 916
408 380 380
409 352 940
410 288 767
411 49 407
412 192 337
413 220 571
414 188 215
415 310 838
416 48 15
417 43 288
418 281 933
419 221 527
420 73 535
421 315 690
422 99 640
423 393 708
424 327 869
425 107 321
426 224 358
427 149 135
428 85 361
429 127 454
430 114 749
431 379 846
432 27 755
433 350 899
434 348 859
435 200 799
436 201 186
437 57 52
438 414 47
439 326 250
440 427 731
441 365 341
442 273 324
443 414 360
444 327 476
445 356 73
446 429 86
447 52 225
448 57 704
449 271 104
450 404 275
451 319 378
452 130 102
453 216 103
454 79 455
455 196 571
456 307 762
457 50 204
458 98 228
459 51 647
460 161 401
461 29 409
462 425 298
463 37 718
464 103 788
465 375 601
466 441 64
467 127 751
468 52 828
469 128 560
470 97 713
471 354 470
472 244 162
473 248 354
474 118 785
475 202 898
476 120 439
477 456 63
478 406 369
479 410 851
480 31 367
481 295 522
482 2 629
483 383 486
484 39 695
485 101 21
486 180 895
487 283 127
488 244 501
489 86 169
490 125 797
491 430 860
492 445 191
493 408 869
494 57 444
495 350 237
496 265 274
497 481 200
498 129 43
499 490 802
500 4 168
501 292 623
502 493 566
503 340 130
504 401 770
505 201 880
506 399 933
507 194 121
508 166 211
509 503 440
510 342 71
511 381 933
512 31 293
513 374 826
514 354 527
515 455 338
516 350 436
517 440 192
518 223 331
519 276 770
520 416 955
521 266 273
522 163 134
523 350 50
524 196 146
525 11 494
526 438 513
527 104 221
528 37 339
529 82 486
530 113 738
531 382 236
532 415 829
533 521 583
534 156 772
535 271 996
536 502 575
537 23 371
538 382 143
539 350 191
540 367 792
541 353 879
542 423 265
543 413 36
544 269 748
545 70 171
546 431 198
547 486 785
548 53 532
549 515 968
550 99 800
551 92 117
552 537 467
553 299 764
554 287 575
555 526 39
556 202 764
557 116 951
558 374 523
559 144 208
560 394 883
561 453 635
562 166 989
563 442 497
564 210 396
565 536 177
566 504 303
567 379 554
568 470 171
569 510 962
570 9 73
571 219 433
572 261 59
573 6 517
574 202 743
575 396 802
576 137 283
577 27 124
578 57 601
579 457 832
580 461 672
581 522 289
582 431 707
583 118 516
584 84 708
585 485 602
586 49 632
587 419 773
588 487 274
589 52 206
590 332 906
591 337 292
592 344 171
593 161 970
594 99 415
595 233 501
596 274 451
597 462 600
598 317 783
599 203 648
600 195 568
601 24 103
602 322 294
603 561 286
604 32 692
605 11 109
606 89 467
607 67 955
608 548 138
609 417 170
610 451 524
611 417 779
612 380 370
613 371 413
614 306 708
615 463 50
616 586 47
617 155 478
618 526 273
619 168 685
620 81 73
621 447 415
622 218 494
623 376 598
624 237 72
625 454 455
626 241 740
627 226 706
628 2 386
629 71 93
630 4 600
631 268 711
632 68 267
633 571 189
634 425 571
635 46 921
636 82 89
637 3 587
638 419 285
639 496 99
640 234 435
641 474 217
642 96 712
643 163 207
644 400 360
645 38 120
646 90 623
647 37 818
648 179 103
649 367 397
650 250 491
651 353 903
652 153 428
653 357 872
654 313 477
655 6 269
656 149 786
657 363 293
658 122 959
659 572 830
660 86 438
661 164 265
662 42 905
663 201 296
664 593 291
665 80 702
666 350 285
667 13 820
668 427 838
669 425 883
670 135 798
671 38 65
672 203 466
673 537 578
674 563 633
675 172 734
676 635 523
677 91 137
678 533 601
679 435 418
680 512 453
681 23 178
682 628 688
683 152 53
684 242 635
685 485 95
686 188 427
687 658 712
688 678 231
689 494 442
690 135 509
691 460 497
692 384 584
693 686 51
694 226 883
695 436 21
696 189 835
697 579 305
698 468 777
699 182 729
700 368 742
701 159 646
702 494 354
703 448 564
704 640 625
705 582 89
706 20 155
707 580 359
708 491 24
709 268 834
710 502 565
711 402 31
712 109 94
713 220 425
714 126 120
715 709 200
716 474 837
717 401 265
718 74 20
719 306 769
720 615 516
721 489 513
722 687 88
723 167 28
724 452 671
725 111 54
726 459 301
727 237 755
728 315 911
729 49 399
730 312 237
731 659 794
732 589 216
733 367 897
734 192 25
735 301 43
736 6 615
737 307 758
738 532 503
739 512 737
740 342 292
741 164 98
742 217 670
743 122 147
744 129 893
745 612 844
746 34 91
747 595 290
748 608 948
749 308 836
750 492 178
751 718 989
752 705 212
753 616 426
754 708 189
755 139 108
756 7 177
757 166 177
758 598 588
759 256 383
760 751 793
761 53 611
762 106 506
763 284 102
764 631 53
765 154 442
766 280 247
767 12 1000
768 562 776
769 502 273
770 616 202
771 767 278
772 111 478
773 733 147
774 706 356
775 457 508
776 764 669
777 377 479
778 260 814
779 100 715
780 754 811
781 219 576
782 629 912
783 549 285
784 490 31
785 672 545
786 415 553
787 202 500
788 664 365
789 360 265
790 178 799
791 11 19
792 76 413
793 701 687
794 635 847
795 52 5
796 336 874
797 761 156
798 649 416
799 475 124
800 642 424
801 91 834
802 772 270
803 587 656
804 622 715
805 473 533
806 784 681
807 65 678
808 258 947
809 567 967
810 509 347
811 576 846
812 804 9
813 794 539
814 204 39
815 578 999
816 40 438
817 251 151
818 704 810
819 227 340
820 435 597
821 674 640
822 69 353
823 325 959
824 337 453
825 423 970
826 389 333
827 286 431
828 157 823
829 595 631
830 52 838
831 744 649
832 719 579
833 426 113
834 537 398
835 37 440
836 604 831
837 423 230
838 144 752
839 327 615
840 217 384
841 545 756
842 354 569
843 411 476
844 170 900
845 386 546
846 490 386
847 343 635
848 746 593
849 189 667
850 647 422
851 260 9
852 50 335
853 579 798
854 404 258
855 743 480
856 94 559
857 178 626
858 202 271
859 362 439
860 55 491
861 773 727
862 807 778
863 714 845
864 452 934
865 526 57
866 256 766
867 60 79
868 238 73
869 399 732
870 494 366
871 69 85
872 193 915
873 309 335
874 863 686
875 199 615
876 546 586
877 34 867
878 189 348
879 735 952
880 351 347
881 657 644
882 552 85
883 536 966
884 282 448
885 53 801
886 233 1000
887 11 26
888 20 208
889 876 978
890 684 905
891 256 43
892 727 688
893 475 642
894 10 937
895 167 240
896 201 919
897 114 5
898 560 549
899 54 665
900 418 396
901 247 619
902 89 829
903 544 361
904 639 36
905 668 523
906 746 704
907 534 781
908 39 791
909 107 316
910 748 908
911 29 84
912 673 555
913 598 996
914 325 767
915 127 274
916 6 535
917 326 371
918 374 451
919 413 857
920 646 368
921 78 538
922 469 300
923 139 690
924 322 311
925 531 386
926 247 996
927 321 884
928 86 296
929 538 899
930 222 610
931 689 162
932 312 741
933 869 675
934 584 660
935 836 573
936 724 118
937 6 485
938 160 548
939 226 21
940 823 186
941 854 828
942 456 624
943 940 138
944 175 109
945 930 867
946 552 942
947 616 86
948 341 797
949 378 883
950 587 812
951 159 6
952 567 385
953 243 470
954 438 311
955 30 314
956 706 262
957 751 812
958 491 31
959 644 474
960 712 27
961 493 98
962 182 640
963 439 211
964 19 563
965 326 90
966 761 342
967 6 738
968 9 432
969 523 215
970 235 188
971 899 678
972 729 488
973 579 857
974 174 748
975 342 996
976 21 980
977 674 9
978 868 856
979 488 893
980 789 224
981 395 887
982 665 883
983 91 674
984 381 823
985 441 92
986 412 456
987 789 243
988 166 60
989 215 234
990 646 825
991 814 781
992 533 670
993 961 907
994 529 301
995 780 112
996 41 425
997 394 761
998 910 276
999 768 202
1000 215 290
385
884
46
888
413
5
744
670
289
562
457
528
879
859
154
85
338
230
107
691
760
118
646
284
445
795
305
774
785
399
6
379
934
931
161
417
955
480
580
159
496
997
42
667
50
525
487
725
410
612
832
877
472
592
323
501
875
98
542
636
742
988
578
954
704
696
895
790
613
835
522
772
664
558
868
346
796
622
258
121
119
403
303
21
227
893
961
892
87
590
237
938
204
261
698
200
483
49
103
818
95
723
59
249
587
561
251
467
751
887
166
509
960
640
78
88
19
783
260
286
530
968
66
576
36
740
701
599
770
874
967
573
661
536
378
447
827
129
425
120
256
690
594
899
741
68
35
229
810
329
890
75
8
870
300
826
384
397
845
705
979
663
678
370
411
634
295
697
966
784
470
207
363
341
324
54
872
583
2
508
621
586
350
722
277
293
377
853
998
174
560
138
321
849
369
794
172
24
951
319
682
152
315
907
304
869
477
511
359
715
915
371
117
432
811
642
777
614
39
265
182
836
459
345
584
546
531
482
198
677
950
709
405
430
101
957
353
782
645
886
395
4
110
842
658
162
649
71
683
566
451
867
193
32
647
301
164
764
729
639
999
126
839
918
543
889
674
708
838
456
572
368
846
313
455
974
213
524
694
743
268
953
551
144
462
279
282
262
707
914
158
276
131
737
755
83
273
679
873
752
464
792
648
581
56
259
610
855
814
312
864
485
673
710
288
604
72
973
517
714
747
454
780
534
940
735
167
521
924
155
149
956
356
343
937
767
925
449
427
654
985
863
734
22
402
539
632
921
552
520
69
595
602
977
134
959
850
148
675
241
12
544
320
360
986
92
971
550
171
570
446
436
400
906
745
490
394
922
96
970
498
556
108
38
415
140
62
969
128
773
497
932
13
633
317
239
619
206
503
693
423
452
440
100
335
67
547
571
688
184
495
568
738
25
769
871
809
358
419
99
113
63
593
564
916
537
837
367
569
197
996
280
903
591
828
316
105
798
404
73
823
775
860
330
426
339
984
248
513
486
332
676
943
439
299
127
65
104
582
728
223
275
393
699
885
169
822
567
652
153
608
209
79
314
30
866
94
18
813
510
408
97
712
60
763
644
240
776
157
10
759
238
333
130
793
20
390
555
815
242
851
123
882
43
463
843
160
781
898
386
325
854
651
114
142
779
398
597
412
494
624
630
515
125
233
499
989
942
151
387
825
132
841
406
80
274
949
185
689
721
753
179
163
337
442
389
504
136
91
290
983
926
34
563
637
424
819
202
82
596
409
111
910
135
687
492
952
348
3
935
183
731
420
817
627
535
253
310
84
437
656
681
526
801
830
188
146
7
327
616
669
880
15
529
824
757
881
700
788
422
911
840
414
57
936
292
724
625
40
349
516
861
641
944
342
102
41
31
396
224
904
756
441
686
990
257
478
514
77
865
732
736
219
791
234
540
336
577
9
245
177
994
201
750
269
212
692
491
231
264
74
192
541
196
354
351
598
468
255
194
186
460
70
653
226
806
545
243
909
247
862
917
214
373
993
244
473
211
695
660
380
803
771
90
381
733
505
519
450
466
481
958
726
139
939
717
928
554
334
81
600
311
291
124
574
718
533
53
443
474
978
64
236
218
298
216
208
650
812
948
805
228
617
668
254
929
768
787
476
659
618
361
565
55
147
143
106
758
156
657
962
421
461
357
638
250
891
388
401
933
631
195
235
894
902
37
786
847
469
711
607
429
808
672
797
739
434
270
807
453
611
965
858
189
191
306
964
318
852
246
601
605
802
927
878
285
392
331
475
170
557
48
484
416
848
168
307
296
190
11
749
856
150
210
502
347
589
33
820
559
252
366
930
26
821
438
629
448
946
995
328
141
665
789
549
643
278
680
297
272
308
746
947
175
61
626
28
980
730
981
374
375
52
376
435
518
458
309
471
489
203
93
500
133
706
493
232
431
713
975
44
553
876
178
27
391
703
702
122
606
685
221
912
444
896
17
479
588
834
666
407
507
761
181
51
523
89
908
340
322
919
615
765
372
225
112
913
609
833
215
281
920
620
963
976
816
365
45
972
1000
905
220
532
326
362
748
137
527
428
488
804
116
364
165
628
623
684
662
778
173
844
982
267
294
585
719
433
548
897
344
720
14
217
603
635
199
716
857
579
222
58
671
831
766
754
465
923
355
829
941
799
727
901
538
29
16
266
506
271
991
187
283
302
992
180
945
382
383
762
883
800
205
352
655
23
145
115
109
176
512
263
47
76
575
287
418
987
900
86
