1000 999
2 1 662
3 1 83
4 1 788
5 2 75
6 3 419
7 5 871
8 3 477
9 8 573
10 8 55
11 6 428
12 1 187
13 1 389
14 9 606
15 5 51
16 10 644
17 14 243
18 15 186
19 14 442
20 3 251
21 8 721
22 9 760
23 13 353
24 9 762
25 1 529
26 19 615
27 24 609
28 11 784
29 28 762
30 27 940
31 9 302
32 8 16
33 32 974
34 20 598
35 10 973
36 28 417
37 12 763
38 27 19
39 25 949
40 30 661
41 28 982
42 38 762
43 20 39
44 39 783
45 44 313
46 40 744
47 18 546
48 36 657
49 22 591
50 31 310
51 11 140
52 4 442
53 46 888
54 25 27
55 35 251
56 17 193
57 45 566
58 15 604
59 46 974
60 15 786
61 55 267
62 29 935
63 7 858
64 33 50
65 15 775
66 32 979
67 42 537
68 57 762
69 18 485
70 1 292
71 47 447
72 21 188
73 53 806
74 39 522
75 47 152
76 16 669
77 14 209
78 30 738
79 16 25
80 5 526
81 12 113
82 26 576
83 27 421
84 72 991
85 13 604
86 6 334
87 5 450
88 39 222
89 57 41
90 84 761
91 71 915
92 70 843
93 5 70
94 86 199
95 18 635
96 65 409
97 6 70
98 23 552
99 10 759
100 17 433
101 71 550
102 52 126
103 97 701
104 37 755
105 73 22
106 50 895
107 42 138
108 56 510
109 58 725
110 51 417
111 9 758
112 72 368
113 49 175
114 99 102
115 17 515
116 70 792
117 26 384
118 90 146
119 100 348
120 113 79
121 73 417
122 71 188
123 19 622
124 34 157
125 65 377
126 105 951
127 104 822
128 108 727
129 27 194
130 33 104
131 65 882
132 36 35
133 49 729
134 49 555
135 85 668
136 66 288
137 115 336
138 37 419
139 78 778
140 134 675
141 96 60
142 108 127
143 124 22
144 88 245
145 118 814
146 29 165
147 108 783
148 48 844
149 94 794
150 148 759
151 120 926
152 129 269
153 75 529
154 132 23
155 134 944
156 72 815
157 114 332
158 124 869
159 11 737
160 31 471
161 46 869
162 159 842
163 21 428
164 135 374
165 71 314
166 61 836
167 137 705
168 34 569
169 47 77
170 12 921
171 24 156
172 77 143
173 138 622
174 147 326
175 124 370
176 164 475
177 32 159
178 43 480
179 29 495
180 141 691
181 29 720
182 3 372
183 59 632
184 147 858
185 163 831
186 110 403
187 86 901
188 159 585
189 74 671
190 138 399
191 140 801
192 39 532
193 76 616
194 11 606
195 45 794
196 84 857
197 90 869
198 87 605
199 20 554
200 12 331
201 76 974
202 200 193
203 90 283
204 3 427
205 117 897
206 157 965
207 155 369
208 93 221
209 112 724
210 123 891
211 174 270
212 197 531
213 57 995
214 151 323
215 73 999
216 17 150
217 157 420
218 29 142
219 117 753
220 142 969
221 116 154
222 24 574
223 92 39
224 7 166
225 78 982
226 185 657
227 51 564
228 58 180
229 107 692
230 199 390
231 129 109
232 68 42
233 98 31
234 130 378
235 198 364
236 119 904
237 193 900
238 84 443
239 157 657
240 8 902
241 124 458
242 156 833
243 145 784
244 216 267
245 181 674
246 64 186
247 132 79
248 10 784
249 89 271
250 97 666
251 218 698
252 31 95
253 217 528
254 102 796
255 66 331
256 216 429
257 90 343
258 199 270
259 127 504
260 22 814
261 107 232
262 65 138
263 254 635
264 197 496
265 199 946
266 202 2
267 263 450
268 77 779
269 87 487
270 268 312
271 147 81
272 35 527
273 35 831
274 140 211
275 115 204
276 195 980
277 56 128
278 226 465
279 42 631
280 4 184
281 51 428
282 149 497
283 183 774
284 280 478
285 118 754
286 46 970
287 263 233
288 163 578
289 210 973
290 199 919
291 4 718
292 78 815
293 188 654
294 116 565
295 24 6
296 58 994
297 16 288
298 212 46
299 31 269
300 195 773
301 229 862
302 58 327
303 287 36
304 231 647
305 87 485
306 48 992
307 179 14
308 119 289
309 266 869
310 239 872
311 238 45
312 255 796
313 206 716
314 98 602
315 242 329
316 303 58
317 239 725
318 13 713
319 122 733
320 131 854
321 257 535
322 216 95
323 305 368
324 159 598
325 179 636
326 209 763
327 41 239
328 297 958
329 139 882
330 266 913
331 20 411
332 89 737
333 51 532
334 88 504
335 185 866
336 157 374
337 264 441
338 329 985
339 63 777
340 29 179
341 38 258
342 186 908
343 283 592
344 309 277
345 251 435
346 275 89
347 241 574
348 261 209
349 209 293
350 146 559
351 308 477
352 172 628
353 254 592
354 248 357
355 11 134
356 33 141
357 169 542
358 239 403
359 81 202
360 286 126
361 140 23
362 78 160
363 84 983
364 244 635
365 29 949
366 7 407
367 311 380
368 245 350
369 360 870
370 27 523
371 196 911
372 363 430
373 326 834
374 169 169
375 39 221
376 304 571
377 321 937
378 192 77
379 10 277
380 193 70
381 148 501
382 60 112
383 2 137
384 339 315
385 368 303
386 314 307
387 103 648
388 291 82
389 92 327
390 238 204
391 302 955
392 316 766
393 349 346
394 38 120
395 38 407
396 392 661
397 287 109
398 301 915
399 76 485
400 350 607
401 52 681
402 313 357
403 229 981
404 344 684
405 251 227
406 183 539
407 338 401
408 340 252
409 121 990
410 190 91
411 182 533
412 206 171
413 374 670
414 120 240
415 317 841
416 329 119
417 379 64
418 195 297
419 231 621
420 359 525
421 313 655
422 182 672
423 138 647
424 203 704
425 90 896
426 151 764
427 345 273
428 210 818
429 213 136
430 24 623
431 322 647
432 263 790
433 324 214
434 207 434
435 237 175
436 126 624
437 372 294
438 334 68
439 65 284
440 227 448
441 208 932
442 48 456
443 334 67
444 268 717
445 15 462
446 374 136
447 239 360
448 23 910
449 4 455
450 436 299
451 73 959
452 425 767
453 375 4
454 353 866
455 327 755
456 25 37
457 206 373
458 295 924
459 62 103
460 237 573
461 264 147
462 458 454
463 199 763
464 332 362
465 166 39
466 23 299
467 16 167
468 16 579
469 290 247
470 364 970
471 153 485
472 467 482
473 286 533
474 128 756
475 394 233
476 67 436
477 324 640
478 234 408
479 378 28
480 113 49
481 11 156
482 60 811
483 40 382
484 268 546
485 257 602
486 224 815
487 196 298
488 289 500
489 97 742
490 17 65
491 330 217
492 182 57
493 73 617
494 491 615
495 356 144
496 374 877
497 288 746
498 220 609
499 123 601
500 286 193
501 164 209
502 471 72
503 259 926
504 406 184
505 134 755
506 403 483
507 16 892
508 471 703
509 354 762
510 321 296
511 134 59
512 416 916
513 413 132
514 257 342
515 385 74
516 295 927
517 503 70
518 248 292
519 179 860
520 305 474
521 370 710
522 175 366
523 7 976
524 519 175
525 209 668
526 48 534
527 132 197
528 209 170
529 51 995
530 496 712
531 65 477
532 9 611
533 166 864
534 87 233
535 4 941
536 109 518
537 359 320
538 62 163
539 66 437
540 41 368
541 179 706
542 497 810
543 256 634
544 504 245
545 6 975
546 41 355
547 219 849
548 142 527
549 242 803
550 28 15
551 129 115
552 342 130
553 225 265
554 129 795
555 100 780
556 377 859
557 3 867
558 41 122
559 41 411
560 290 722
561 398 649
562 371 705
563 493 271
564 548 631
565 286 455
566 481 940
567 99 546
568 375 446
569 326 351
570 497 344
571 520 849
572 470 479
573 399 581
574 500 544
575 38 889
576 345 800
577 138 484
578 570 790
579 22 772
580 403 420
581 371 148
582 10 476
583 121 7
584 536 453
585 154 482
586 16 69
587 321 190
588 470 414
589 223 286
590 524 422
591 327 198
592 116 14
593 293 938
594 554 24
595 148 940
596 390 845
597 482 867
598 443 714
599 283 975
600 522 770
601 151 344
602 598 820
603 435 576
604 89 168
605 266 187
606 288 932
607 209 777
608 434 266
609 536 496
610 61 774
611 470 117
612 499 202
613 585 172
614 559 162
615 527 978
616 13 145
617 60 770
618 582 804
619 219 170
620 253 429
621 592 688
622 165 632
623 573 50
624 269 378
625 315 782
626 57 901
627 558 540
628 327 57
629 227 235
630 223 880
631 31 447
632 51 617
633 543 801
634 73 827
635 539 432
636 236 242
637 612 551
638 626 260
639 54 590
640 514 504
641 138 637
642 443 210
643 265 322
644 553 346
645 161 282
646 453 718
647 141 906
648 39 182
649 625 597
650 374 891
651 220 801
652 319 3
653 95 473
654 211 993
655 255 49
656 446 340
657 544 430
658 600 385
659 41 221
660 499 977
661 321 465
662 511 959
663 96 839
664 322 274
665 399 258
666 137 427
667 416 244
668 361 790
669 295 655
670 621 65
671 96 30
672 86 195
673 58 718
674 53 317
675 383 750
676 195 77
677 436 184
678 365 225
679 76 743
680 642 600
681 667 442
682 569 578
683 660 866
684 302 570
685 314 353
686 162 322
687 70 232
688 75 848
689 563 363
690 290 51
691 277 413
692 128 215
693 396 530
694 279 131
695 131 649
696 634 367
697 290 150
698 623 226
699 589 246
700 666 635
701 577 422
702 443 677
703 25 157
704 556 949
705 568 174
706 506 567
707 55 554
708 687 936
709 570 27
710 278 315
711 580 283
712 578 17
713 107 477
714 491 716
715 465 209
716 24 734
717 471 957
718 244 226
719 509 953
720 536 1000
721 102 889
722 63 582
723 129 218
724 401 644
725 596 603
726 506 510
727 195 589
728 55 489
729 17 536
730 28 99
731 567 989
732 563 405
733 593 702
734 634 186
735 644 125
736 317 403
737 372 250
738 559 13
739 585 146
740 611 1
741 490 526
742 70 5
743 498 214
744 301 228
745 489 851
746 10 496
747 651 914
748 300 163
749 454 102
750 488 742
751 201 595
752 558 964
753 689 799
754 90 150
755 573 546
756 431 555
757 251 802
758 184 478
759 552 648
760 626 982
761 348 293
762 346 196
763 156 129
764 178 648
765 581 851
766 349 62
767 257 600
768 512 891
769 8 706
770 574 77
771 442 218
772 615 229
773 149 247
774 401 627
775 519 997
776 459 762
777 330 973
778 627 406
779 518 8
780 116 468
781 684 583
782 452 952
783 725 642
784 2 977
785 100 189
786 772 156
787 451 158
788 234 992
789 491 667
790 300 128
791 483 842
792 579 157
793 770 723
794 182 621
795 723 55
796 295 46
797 722 924
798 786 603
799 39 857
800 48 80
801 726 464
802 497 302
803 101 336
804 339 609
805 77 27
806 543 759
807 323 809
808 78 27
809 364 481
810 622 282
811 78 604
812 266 662
813 194 600
814 465 421
815 503 827
816 330 395
817 146 227
818 274 385
819 723 887
820 346 991
821 209 301
822 649 874
823 316 828
824 205 506
825 758 377
826 751 153
827 123 143
828 32 780
829 512 572
830 792 344
831 664 534
832 403 100
833 687 257
834 204 742
835 704 329
836 209 234
837 573 531
838 560 403
839 618 844
840 769 309
841 512 840
842 146 6
843 251 451
844 389 8
845 64 209
846 256 538
847 617 711
848 600 442
849 65 227
850 165 885
851 325 434
852 386 40
853 249 522
854 85 988
855 661 828
856 451 921
857 478 678
858 162 225
859 665 64
860 815 387
861 703 755
862 338 302
863 289 170
864 152 999
865 460 622
866 466 566
867 229 839
868 41 181
869 423 949
870 53 349
871 728 321
872 298 279
873 291 517
874 659 103
875 794 217
876 763 428
877 165 478
878 190 896
879 698 55
880 576 405
881 450 219
882 781 492
883 163 653
884 1 867
885 56 346
886 1 792
887 130 381
888 247 506
889 199 992
890 330 324
891 619 437
892 651 274
893 47 133
894 78 535
895 175 428
896 580 964
897 763 292
898 124 719
899 549 701
900 613 221
901 529 502
902 591 912
903 834 364
904 266 989
905 263 352
906 50 103
907 88 594
908 20 272
909 501 8
910 880 69
911 211 524
912 827 107
913 92 747
914 603 616
915 510 840
916 415 196
917 695 82
918 124 260
919 757 89
920 296 760
921 498 625
922 583 722
923 141 495
924 765 994
925 621 90
926 394 191
927 343 636
928 554 468
929 319 862
930 427 111
931 929 134
932 622 463
933 508 480
934 397 65
935 189 67
936 511 886
937 784 372
938 913 968
939 700 531
940 917 200
941 555 469
942 652 642
943 909 112
944 308 165
945 348 469
946 5 1
947 922 262
948 11 887
949 360 666
950 81 930
951 751 101
952 47 526
953 52 988
954 741 997
955 843 181
956 925 655
957 467 868
958 223 177
959 945 152
960 952 479
961 582 451
962 283 495
963 903 450
964 212 808
965 521 53
966 367 687
967 849 542
968 435 474
969 356 140
970 424 817
971 951 526
972 865 321
973 356 499
974 144 25
975 846 276
976 102 156
977 333 343
978 630 392
979 847 685
980 13 747
981 668 469
982 187 412
983 567 91
984 541 779
985 411 439
986 80 162
987 314 863
988 231 840
989 942 760
990 542 832
991 345 701
992 635 842
993 593 320
994 725 710
995 595 53
996 345 230
997 658 214
998 203 508
999 234 892
1000 60 320
66
877
614
418
726
823
192
846
537
875
566
142
668
127
555
326
886
487
359
815
420
963
387
379
155
728
971
279
861
234
787
328
318
640
663
764
754
528
134
684
462
784
530
758
434
259
28
316
297
938
598
296
558
89
271
344
268
576
79
681
790
838
377
457
33
626
2
761
795
524
452
241
714
504
931
654
124
461
323
980
90
50
107
218
753
863
431
933
876
737
910
928
194
110
606
660
197
274
953
384
402
29
594
849
850
360
582
833
513
545
479
909
12
642
149
862
601
650
831
991
960
656
913
872
841
132
341
373
251
678
277
986
507
927
95
191
185
890
421
355
40
435
763
8
587
855
942
485
447
399
141
765
782
981
293
186
266
811
777
119
491
94
36
451
439
489
709
77
639
337
951
163
369
732
552
696
496
456
16
464
667
857
923
538
246
692
609
137
309
284
261
827
593
463
396
930
717
68
987
115
814
572
425
176
283
699
523
653
657
500
740
727
198
706
994
172
174
502
829
465
154
44
211
531
47
851
342
52
711
20
67
915
603
349
96
842
625
469
92
195
554
126
600
610
920
648
301
32
966
444
998
98
896
674
82
390
747
559
200
983
182
221
845
589
199
354
693
532
346
859
627
80
694
619
813
408
789
540
820
897
205
41
272
719
348
401
356
840
482
303
575
442
213
30
78
957
819
635
295
299
805
412
260
113
985
889
116
798
187
468
64
280
974
106
9
867
993
228
629
870
204
810
352
270
108
536
361
995
883
237
972
181
219
170
419
739
236
796
48
235
956
652
264
55
429
304
713
785
557
738
907
102
828
147
410
72
395
592
903
208
515
104
646
860
542
338
590
641
954
548
984
15
494
7
250
330
718
227
351
254
229
975
372
638
87
906
289
647
611
288
613
948
60
39
662
448
580
578
919
269
539
484
651
475
918
215
256
926
700
314
85
908
970
83
25
122
86
407
282
969
773
571
581
710
302
56
501
117
123
358
169
729
865
422
306
171
11
697
599
608
22
715
698
58
292
424
159
616
888
914
202
290
725
243
936
34
474
37
209
168
551
615
59
595
294
755
780
891
695
334
46
364
671
745
825
230
91
839
869
830
362
505
144
14
878
643
675
51
630
664
618
368
588
687
331
366
596
547
406
446
803
676
226
443
382
952
735
979
105
480
864
809
521
792
932
742
286
517
255
673
307
968
672
275
526
904
103
512
404
498
778
207
148
45
495
220
17
670
746
999
534
691
374
631
156
822
214
623
649
689
458
637
848
816
332
853
183
775
836
720
403
430
175
669
378
574
497
976
749
347
161
771
206
276
757
177
776
232
967
472
895
519
750
852
508
550
343
917
88
298
577
201
470
336
71
885
997
937
503
145
585
26
325
13
543
902
278
756
467
263
305
245
210
340
884
568
602
1000
493
164
783
460
180
734
333
365
414
964
436
874
529
225
150
128
478
386
546
988
992
879
655
632
743
392
943
62
267
31
844
824
516
772
81
179
65
944
320
133
75
450
837
804
291
685
125
131
224
138
887
894
42
438
258
454
23
518
510
900
74
477
223
666
222
53
683
989
939
423
617
244
233
962
416
607
527
880
996
388
812
686
752
394
313
381
733
925
791
677
38
143
832
440
905
240
63
583
605
881
901
239
701
217
69
916
741
184
533
712
768
242
427
868
941
535
327
702
321
190
136
665
636
335
871
769
767
262
10
441
112
893
854
965
160
899
821
24
140
955
363
393
514
724
556
911
793
661
383
591
476
21
43
371
826
449
5
76
385
801
779
109
370
409
193
722
357
553
353
437
569
158
165
935
688
525
751
391
367
249
257
413
433
522
898
762
453
135
311
716
324
70
417
788
27
563
315
188
835
146
151
561
520
579
375
273
173
459
549
281
99
483
544
153
212
329
93
18
287
285
633
196
152
114
584
157
100
166
873
19
570
624
405
705
682
973
866
231
562
481
471
389
54
843
781
858
730
806
817
679
300
620
748
922
189
253
567
319
322
376
3
203
912
564
350
61
659
680
802
834
492
509
736
560
628
84
800
216
248
744
807
573
488
308
882
511
339
622
398
162
760
455
247
774
597
945
731
445
924
400
178
541
265
921
6
808
847
415
238
950
121
506
958
111
644
586
759
490
708
704
130
721
167
658
794
982
57
139
723
120
690
426
49
990
949
961
499
940
432
892
428
604
312
634
703
770
947
612
977
73
946
766
565
4
959
818
486
799
380
934
345
797
97
310
397
466
411
929
35
118
317
707
978
856
645
101
252
621
473
129
786
