1000 999
2 1 833
3 1 743
4 1 779
5 1 578
6 4 596
7 2 136
8 4 111
9 1 531
10 4 192
11 6 361
12 2 964
13 10 904
14 8 418
15 14 947
16 2 674
17 4 941
18 12 456
19 17 541
20 13 685
21 2 700
22 12 276
23 1 396
24 14 232
25 16 484
26 8 508
27 1 490
28 15 515
29 26 981
30 28 855
31 16 834
32 10 954
33 2 371
34 17 442
35 11 713
36 20 673
37 15 422
38 28 563
39 37 750
40 20 564
41 30 470
42 33 73
43 23 379
44 37 933
45 11 191
46 33 950
47 18 767
48 28 84
49 12 647
50 23 683
51 43 756
52 39 869
53 8 27
54 48 714
55 47 478
56 18 677
57 5 595
58 13 771
59 7 174
60 28 940
61 10 733
62 15 785
63 12 225
64 18 558
65 19 643
66 20 685
67 17 289
68 9 621
69 17 370
70 55 124
71 61 774
72 24 633
73 54 377
74 65 934
75 26 866
76 53 319
77 23 780
78 14 453
79 60 658
80 15 681
81 57 599
82 34 868
83 34 842
84 25 777
85 58 976
86 61 44
87 37 735
88 58 354
89 1 7
90 42 434
91 6 438
92 75 725
93 89 534
94 48 335
95 86 644
96 51 43
97 40 609
98 41 575
99 41 802
100 14 860
101 70 700
102 64 354
103 44 642
104 81 324
105 34 955
106 56 626
107 77 510
108 21 309
109 68 168
110 17 844
111 95 698
112 53 381
113 13 120
114 33 669
115 38 44
116 96 995
117 111 1000
118 52 706
119 33 901
120 41 941
121 9 576
122 81 859
123 78 771
124 59 991
125 104 908
126 72 82
127 45 697
128 111 148
129 81 277
130 100 117
131 80 627
132 35 522
133 106 144
134 35 599
135 127 585
136 58 746
137 105 340
138 66 179
139 106 447
140 68 569
141 25 465
142 65 480
143 85 213
144 74 426
145 138 550
146 145 126
147 99 417
148 143 848
149 117 724
150 75 864
151 124 875
152 96 448
153 82 771
154 112 248
155 62 450
156 97 746
157 52 499
158 97 992
159 68 128
160 144 934
161 9 126
162 9 205
163 64 701
164 137 349
165 103 75
166 109 314
167 11 482
168 141 409
169 119 861
170 56 299
171 125 95
172 140 477
173 160 83
174 49 35
175 32 407
176 130 753
177 124 808
178 101 282
179 164 186
180 44 6
181 138 86
182 123 11
183 132 747
184 163 566
185 4 182
186 58 941
187 75 700
188 86 560
189 101 490
190 163 130
191 45 39
192 29 642
193 111 424
194 188 242
195 135 7
196 186 307
197 90 62
198 85 253
199 123 544
200 57 215
201 182 670
202 146 385
203 4 285
204 124 635
205 155 141
206 170 353
207 56 844
208 60 351
209 183 23
210 73 162
211 185 390
212 8 932
213 126 758
214 89 657
215 12 474
216 46 695
217 180 375
218 91 192
219 189 924
220 117 189
221 149 666
222 214 460
223 190 561
224 177 239
225 142 736
226 195 372
227 174 424
228 216 898
229 135 98
230 2 950
231 119 773
232 152 103
233 102 419
234 90 14
235 33 449
236 218 300
237 206 324
238 157 729
239 224 689
240 35 171
241 218 346
242 119 910
243 36 940
244 124 769
245 117 8
246 214 778
247 58 756
248 231 814
249 63 572
250 174 639
251 56 658
252 77 457
253 42 160
254 221 72
255 107 904
256 56 600
257 164 151
258 89 401
259 45 983
260 207 811
261 150 270
262 105 906
263 231 553
264 43 691
265 105 18
266 87 283
267 224 685
268 224 949
269 199 975
270 264 363
271 217 409
272 16 564
273 245 827
274 178 338
275 48 564
276 167 221
277 216 242
278 9 45
279 38 349
280 247 2
281 113 484
282 169 212
283 198 434
284 62 352
285 94 197
286 179 812
287 28 645
288 197 541
289 102 344
290 1 816
291 178 582
292 228 799
293 57 831
294 208 497
295 197 525
296 264 872
297 265 199
298 190 547
299 91 383
300 278 885
301 176 963
302 275 50
303 257 218
304 176 530
305 94 483
306 61 732
307 60 248
308 179 703
309 24 712
310 138 370
311 63 722
312 126 535
313 290 805
314 76 626
315 119 119
316 233 380
317 240 731
318 37 151
319 31 322
320 306 27
321 73 961
322 38 464
323 317 849
324 138 577
325 90 712
326 13 659
327 217 671
328 156 319
329 29 854
330 270 706
331 152 80
332 265 135
333 125 590
334 222 497
335 291 41
336 8 800
337 135 822
338 37 969
339 98 233
340 334 256
341 253 151
342 160 432
343 292 595
344 270 1000
345 284 207
346 9 300
347 53 734
348 92 605
349 206 578
350 291 885
351 190 724
352 75 851
353 196 596
354 15 13
355 77 47
356 133 266
357 134 932
358 177 862
359 69 541
360 44 291
361 84 164
362 12 727
363 73 322
364 363 601
365 262 658
366 19 802
367 105 932
368 265 132
369 326 861
370 290 612
371 153 974
372 306 878
373 146 110
374 133 933
375 77 690
376 303 707
377 250 36
378 100 769
379 79 972
380 153 993
381 335 93
382 127 4
383 52 369
384 250 468
385 203 836
386 280 419
387 295 569
388 36 162
389 282 674
390 345 11
391 362 500
392 19 447
393 333 569
394 185 610
395 26 902
396 135 142
397 108 129
398 181 606
399 342 943
400 278 73
401 222 63
402 216 986
403 253 331
404 247 159
405 288 936
406 128 92
407 79 36
408 256 69
409 289 239
410 243 179
411 93 718
412 372 703
413 199 235
414 150 161
415 178 903
416 329 656
417 341 702
418 318 32
419 106 991
420 139 850
421 190 666
422 116 514
423 167 391
424 22 820
425 193 255
426 291 845
427 315 344
428 173 915
429 410 215
430 41 379
431 178 781
432 156 239
433 23 3
434 325 247
435 370 480
436 395 796
437 210 746
438 214 434
439 223 322
440 4 240
441 11 721
442 22 330
443 226 659
444 22 189
445 260 511
446 114 144
447 343 15
448 102 327
449 255 723
450 88 597
451 397 618
452 447 966
453 66 692
454 411 339
455 146 48
456 216 98
457 409 470
458 153 586
459 103 840
460 242 930
461 166 240
462 354 316
463 237 77
464 143 209
465 225 776
466 347 826
467 339 812
468 264 885
469 402 744
470 368 573
471 297 752
472 253 158
473 243 54
474 434 101
475 387 451
476 383 570
477 47 257
478 349 104
479 152 38
480 418 466
481 394 457
482 10 348
483 269 82
484 154 328
485 179 832
486 63 275
487 448 765
488 197 204
489 371 800
490 404 176
491 418 188
492 5 943
493 2 639
494 392 910
495 484 605
496 413 867
497 488 341
498 492 139
499 17 628
500 341 307
501 348 145
502 427 712
503 180 705
504 408 996
505 378 718
506 47 815
507 137 849
508 430 513
509 486 276
510 470 708
511 388 320
512 277 172
513 129 87
514 246 633
515 15 351
516 70 519
517 464 559
518 25 489
519 323 290
520 213 106
521 518 78
522 437 445
523 411 811
524 33 743
525 237 732
526 375 980
527 1 976
528 69 980
529 256 588
530 169 619
531 194 390
532 431 489
533 373 277
534 497 250
535 227 814
536 466 499
537 398 204
538 196 865
539 123 740
540 215 423
541 212 182
542 13 683
543 100 666
544 52 317
545 96 578
546 77 617
547 478 25
548 94 865
549 41 67
550 52 33
551 31 502
552 107 846
553 310 272
554 441 619
555 205 302
556 466 402
557 150 1000
558 264 172
559 359 985
560 223 986
561 97 767
562 63 56
563 490 272
564 498 463
565 445 519
566 236 308
567 548 921
568 227 358
569 432 728
570 232 747
571 524 210
572 483 50
573 520 256
574 58 744
575 472 860
576 257 487
577 160 168
578 143 691
579 99 319
580 154 483
581 405 538
582 194 418
583 349 150
584 542 920
585 405 465
586 436 360
587 42 454
588 124 545
589 431 225
590 79 46
591 186 257
592 9 216
593 574 67
594 272 880
595 114 685
596 505 354
597 63 643
598 562 206
599 163 940
600 129 76
601 237 315
602 298 955
603 596 613
604 512 800
605 184 433
606 426 883
607 299 371
608 457 104
609 66 821
610 330 906
611 563 114
612 127 314
613 500 503
614 11 620
615 473 190
616 372 208
617 541 269
618 22 984
619 167 825
620 205 569
621 375 921
622 12 16
623 133 253
624 91 471
625 514 873
626 89 521
627 323 521
628 270 360
629 604 405
630 587 74
631 445 175
632 341 89
633 386 226
634 520 154
635 56 764
636 449 783
637 108 559
638 260 903
639 586 697
640 489 207
641 368 160
642 615 943
643 566 447
644 461 821
645 211 315
646 424 716
647 41 172
648 502 805
649 28 462
650 152 63
651 479 16
652 357 739
653 410 31
654 232 702
655 646 909
656 289 597
657 516 955
658 540 795
659 255 132
660 624 571
661 128 696
662 584 192
663 593 346
664 199 55
665 329 540
666 250 133
667 351 684
668 276 229
669 368 234
670 26 822
671 40 879
672 583 59
673 627 204
674 444 635
675 28 34
676 12 355
677 468 447
678 388 901
679 6 475
680 224 147
681 420 193
682 81 333
683 228 738
684 285 404
685 16 333
686 321 366
687 488 52
688 323 30
689 112 111
690 483 727
691 231 268
692 432 774
693 197 90
694 539 382
695 388 396
696 286 111
697 325 61
698 488 19
699 148 377
700 507 586
701 288 626
702 62 939
703 203 336
704 560 329
705 316 192
706 112 968
707 430 142
708 414 776
709 122 714
710 359 46
711 62 165
712 132 317
713 464 610
714 406 662
715 245 221
716 551 717
717 237 655
718 173 868
719 665 267
720 31 770
721 245 722
722 506 85
723 594 995
724 325 249
725 29 697
726 65 650
727 602 835
728 118 197
729 532 227
730 674 134
731 43 563
732 417 940
733 617 10
734 271 510
735 712 968
736 541 585
737 639 889
738 80 79
739 329 299
740 473 840
741 598 879
742 10 617
743 457 134
744 5 504
745 56 700
746 545 655
747 676 777
748 474 805
749 343 190
750 187 332
751 704 800
752 297 996
753 257 252
754 464 369
755 537 416
756 360 762
757 309 240
758 442 640
759 253 29
760 260 535
761 741 6
762 441 852
763 255 63
764 451 586
765 137 63
766 32 670
767 675 7
768 391 615
769 407 298
770 663 14
771 451 453
772 502 604
773 237 986
774 534 700
775 249 497
776 556 92
777 198 165
778 477 55
779 432 794
780 95 904
781 556 875
782 547 692
783 9 686
784 551 226
785 676 49
786 512 132
787 470 861
788 406 146
789 175 955
790 679 284
791 317 20
792 105 719
793 600 544
794 150 620
795 332 214
796 376 388
797 653 957
798 725 738
799 404 44
800 244 192
801 634 748
802 143 598
803 253 893
804 299 34
805 6 382
806 687 133
807 422 180
808 570 803
809 639 833
810 526 736
811 327 588
812 495 560
813 608 125
814 730 112
815 521 90
816 327 383
817 799 815
818 710 508
819 550 591
820 145 685
821 735 988
822 741 734
823 228 350
824 50 452
825 334 714
826 613 920
827 451 470
828 128 233
829 143 15
830 720 702
831 755 168
832 770 848
833 775 959
834 762 885
835 469 561
836 320 472
837 605 479
838 468 122
839 596 24
840 730 848
841 82 675
842 561 682
843 211 126
844 286 75
845 689 962
846 101 945
847 729 541
848 366 199
849 404 275
850 757 49
851 354 394
852 609 190
853 108 100
854 782 516
855 317 608
856 659 471
857 771 371
858 779 320
859 564 432
860 560 486
861 720 692
862 587 323
863 393 965
864 27 387
865 738 575
866 852 878
867 826 511
868 398 121
869 601 429
870 510 499
871 703 882
872 59 1000
873 170 960
874 245 777
875 10 423
876 458 2
877 582 928
878 304 160
879 601 470
880 651 465
881 222 208
882 96 783
883 497 840
884 784 687
885 404 202
886 824 439
887 477 877
888 64 912
889 525 6
890 20 447
891 488 814
892 246 92
893 704 38
894 144 648
895 140 285
896 520 475
897 162 699
898 94 421
899 761 417
900 60 443
901 42 242
902 616 229
903 798 632
904 438 726
905 532 524
906 107 312
907 177 637
908 328 375
909 849 83
910 743 461
911 436 831
912 677 993
913 176 282
914 233 796
915 256 296
916 834 416
917 26 584
918 859 690
919 242 833
920 730 185
921 376 885
922 152 380
923 837 838
924 628 341
925 564 453
926 615 399
927 912 458
928 4 369
929 152 346
930 32 520
931 817 851
932 163 774
933 552 630
934 313 577
935 872 490
936 523 160
937 40 648
938 767 79
939 436 323
940 627 862
941 642 138
942 283 144
943 19 250
944 349 54
945 109 259
946 170 13
947 587 604
948 699 840
949 242 101
950 274 714
951 627 661
952 756 832
953 945 406
954 569 646
955 71 476
956 27 509
957 252 830
958 839 334
959 266 383
960 117 422
961 654 269
962 274 507
963 214 946
964 673 783
965 195 556
966 458 966
967 707 558
968 741 26
969 463 641
970 214 372
971 649 9
972 2 334
973 343 395
974 59 46
975 103 159
976 914 936
977 40 511
978 779 427
979 582 436
980 93 846
981 722 300
982 215 495
983 546 637
984 332 590
985 533 573
986 717 193
987 352 297
988 649 531
989 982 32
990 441 982
991 417 333
992 862 178
993 444 984
994 829 795
995 826 433
996 446 264
997 862 19
998 841 664
999 130 714
1000 856 3
265
399
729
549
41
730
418
311
836
863
984
447
679
811
286
937
747
901
77
779
900
156
712
752
880
166
620
19
944
843
444
244
923
745
550
459
18
69
461
142
694
472
146
448
524
776
727
32
378
854
174
570
920
558
477
971
642
516
349
533
34
227
551
991
504
707
389
405
884
703
278
425
815
761
295
979
414
39
139
982
247
684
491
967
202
936
17
273
987
38
997
251
170
424
789
812
52
505
574
689
266
119
618
374
686
429
140
332
443
859
481
256
422
50
640
347
857
804
817
508
736
532
743
820
395
956
30
798
538
250
606
57
705
582
54
20
136
383
650
872
554
906
625
599
327
695
420
750
177
452
110
307
300
536
927
748
4
598
462
469
211
948
632
179
842
288
941
43
651
242
361
519
317
458
584
379
951
185
709
573
190
822
734
555
667
939
75
73
949
518
105
1000
797
965
628
200
314
339
372
775
243
122
849
495
392
578
131
61
639
856
977
360
530
605
245
116
735
940
15
612
62
964
279
905
261
925
602
219
398
85
962
946
195
871
559
654
143
160
933
844
669
753
604
648
210
568
795
40
527
66
741
974
207
465
148
46
697
159
486
319
928
629
126
70
616
22
205
231
511
647
781
124
193
199
217
869
610
911
825
731
660
656
79
184
800
236
624
114
983
11
864
806
672
23
572
636
769
320
918
807
29
838
141
742
801
498
784
16
593
409
607
831
575
163
421
128
613
483
376
144
641
935
191
930
134
56
926
35
590
212
229
125
451
321
157
234
976
981
335
109
916
6
990
206
851
362
875
768
87
369
767
698
677
14
220
588
449
766
828
272
187
313
829
8
832
688
450
463
328
702
509
719
88
104
723
589
708
296
760
529
888
440
980
228
393
333
591
377
326
489
510
297
497
315
493
24
601
534
543
385
318
113
178
277
246
546
704
439
960
676
848
65
762
487
290
902
938
99
382
490
155
858
512
922
89
480
322
724
986
473
471
149
791
959
756
726
411
5
434
167
95
813
135
64
359
645
714
924
58
388
681
431
561
456
467
973
158
102
710
774
457
998
406
213
622
331
460
879
957
292
173
67
367
400
835
129
915
664
576
433
720
226
744
520
427
917
53
117
556
614
666
758
380
778
188
877
42
446
82
525
123
557
803
485
94
706
438
45
390
31
912
921
501
953
44
678
336
120
354
663
867
353
751
287
868
204
587
894
899
876
133
304
364
194
342
268
343
699
968
541
161
799
970
316
162
886
878
298
739
721
794
515
145
950
281
189
150
176
153
755
874
83
545
961
596
996
108
2
700
954
293
814
914
358
963
631
649
416
86
846
528
749
216
577
306
805
435
834
285
696
913
428
548
259
619
847
910
793
827
840
192
172
733
115
366
280
370
71
235
540
222
975
635
853
623
479
118
908
943
611
397
597
309
74
55
845
773
101
468
7
833
855
417
972
661
401
547
80
898
668
412
81
47
627
687
323
526
196
988
171
430
659
470
542
658
169
560
209
929
368
999
565
264
757
865
891
3
164
48
958
329
441
375
680
289
615
496
503
373
454
715
873
646
239
932
732
763
371
934
138
263
816
692
130
165
132
112
215
345
989
181
634
338
474
770
299
270
284
223
969
638
579
352
230
523
240
978
594
260
437
92
96
862
824
759
890
78
966
494
931
711
870
303
713
63
947
51
553
482
453
581
823
552
826
893
682
324
330
674
413
107
738
691
609
404
885
903
203
423
690
97
564
608
386
100
882
772
10
765
507
445
563
350
407
919
252
653
154
837
514
201
716
633
25
274
522
13
355
595
783
91
537
630
717
539
652
249
502
356
637
942
426
830
403
151
168
72
790
282
258
276
68
683
787
275
325
685
475
995
586
796
269
657
308
897
746
197
466
476
36
84
484
722
37
883
152
384
562
517
363
27
500
232
305
257
237
887
782
866
283
33
394
26
644
348
569
544
896
585
294
754
673
396
233
600
662
255
777
952
262
850
852
302
839
841
895
147
111
221
442
90
415
12
764
693
566
198
499
802
21
334
103
592
737
621
214
381
127
28
701
785
671
248
810
818
357
740
728
535
310
98
809
76
93
351
182
788
567
271
985
861
408
208
9
436
346
860
291
626
241
993
49
253
183
387
478
655
580
821
786
521
718
365
402
238
889
945
254
643
492
175
992
571
506
808
892
218
780
603
224
904
312
301
419
337
267
725
907
340
617
225
675
391
344
994
106
909
792
410
121
513
881
670
341
464
186
531
455
137
955
59
60
180
771
488
583
432
665
819
