64 63
2 1 3
3 1 1
4 2 5
5 4 5
6 3 4
7 3 4
8 5 4
9 8 5
10 7 2
11 3 2
12 5 5
13 7 3
14 8 1
15 12 5
16 10 4
17 1 5
18 11 4
19 16 5
20 9 3
21 4 1
22 7 5
23 11 3
24 12 3
25 5 2
26 16 4
27 2 4
28 9 2
29 16 1
30 19 1
31 26 3
32 1 3
33 21 4
34 17 5
35 10 5
36 18 4
37 32 3
38 29 1
39 24 5
40 33 5
41 7 3
42 31 4
43 3 2
44 24 3
45 42 4
46 42 4
47 36 5
48 15 5
49 15 5
50 7 5
51 19 1
52 43 1
53 6 2
54 28 3
55 13 1
56 19 3
57 25 5
58 37 1
59 9 1
60 32 4
61 15 3
62 38 1
63 36 3
64 61 2
8
41
44
55
40
16
9
52
6
51
36
50
13
37
43
56
34
3
58
59
15
4
20
27
48
45
21
49
19
46
38
47
42
30
7
60
53
64
23
10
17
25
35
57
61
12
5
62
2
32
26
29
33
31
24
63
54
18
28
39
14
11
22
