1000 999
2 1 275
3 1 321
4 2 324
5 2 638
6 4 565
7 6 491
8 1 748
9 5 956
10 4 954
11 5 205
12 10 78
13 1 909
14 13 961
15 6 6
16 8 760
17 2 745
18 17 854
19 16 195
20 10 921
21 9 299
22 3 418
23 12 147
24 5 118
25 19 709
26 15 118
27 5 745
28 20 743
29 21 327
30 18 233
31 15 426
32 19 398
33 21 300
34 17 539
35 21 200
36 7 373
37 15 254
38 22 267
39 30 243
40 34 663
41 26 198
42 35 496
43 37 449
44 19 77
45 11 540
46 33 40
47 40 553
48 43 187
49 3 46
50 18 390
51 17 329
52 27 383
53 46 201
54 28 505
55 12 514
56 35 266
57 43 411
58 50 94
59 12 601
60 39 467
61 27 673
62 24 638
63 44 992
64 5 895
65 4 971
66 31 165
67 20 746
68 8 555
69 51 6
70 64 715
71 27 898
72 28 386
73 16 897
74 6 613
75 14 549
76 72 449
77 5 554
78 46 702
79 44 79
80 18 501
81 1 173
82 20 581
83 65 397
84 54 46
85 50 733
86 27 809
87 15 293
88 70 596
89 48 990
90 61 22
91 35 908
92 39 727
93 40 510
94 3 288
95 49 672
96 95 108
97 17 615
98 78 773
99 59 882
100 56 620
101 21 753
102 6 515
103 9 294
104 99 438
105 47 774
106 87 33
107 90 793
108 40 171
109 77 30
110 68 968
111 54 120
112 2 644
113 102 410
114 30 286
115 49 655
116 55 638
117 23 127
118 67 335
119 4 335
120 31 555
121 36 187
122 78 403
123 46 34
124 32 861
125 116 740
126 107 668
127 71 94
128 44 417
129 64 288
130 92 219
131 39 315
132 93 281
133 55 544
134 112 810
135 76 173
136 61 208
137 130 271
138 1 877
139 106 396
140 48 679
141 1 815
142 31 525
143 115 128
144 63 39
145 70 981
146 31 368
147 137 682
148 25 187
149 96 760
150 21 777
151 59 220
152 75 416
153 39 787
154 59 253
155 49 118
156 74 657
157 68 927
158 12 230
159 59 36
160 141 171
161 120 379
162 125 812
163 103 375
164 5 22
165 39 891
166 13 675
167 79 63
168 93 418
169 26 653
170 28 693
171 100 8
172 83 802
173 2 330
174 24 361
175 44 379
176 6 873
177 117 486
178 109 973
179 165 849
180 10 938
181 171 528
182 50 338
183 137 80
184 14 868
185 141 642
186 67 716
187 118 631
188 183 408
189 69 617
190 72 19
191 93 703
192 171 596
193 135 435
194 15 108
195 141 2
196 83 8
197 126 793
198 27 643
199 12 741
200 18 204
201 122 832
202 59 316
203 132 792
204 16 143
205 41 353
206 164 872
207 183 757
208 78 413
209 172 683
210 123 588
211 210 39
212 8 927
213 177 36
214 207 196
215 187 633
216 100 798
217 46 268
218 112 805
219 27 352
220 94 760
221 179 607
222 155 438
223 71 630
224 83 570
225 182 353
226 211 573
227 205 543
228 176 443
229 65 921
230 222 826
231 162 38
232 96 975
233 97 461
234 7 469
235 185 164
236 45 546
237 42 276
238 104 34
239 188 984
240 102 812
241 39 944
242 133 691
243 225 318
244 70 522
245 57 374
246 241 792
247 58 232
248 144 450
249 173 839
250 141 222
251 134 18
252 24 538
253 37 434
254 245 922
255 238 694
256 204 936
257 91 151
258 63 97
259 160 384
260 233 654
261 226 644
262 148 384
263 27 807
264 103 748
265 52 620
266 133 789
267 210 746
268 265 626
269 129 872
270 264 68
271 262 930
272 71 466
273 257 180
274 52 821
275 127 297
276 162 970
277 31 691
278 135 771
279 46 273
280 124 400
281 13 373
282 222 87
283 177 883
284 85 143
285 70 360
286 24 608
287 35 111
288 116 139
289 198 755
290 188 548
291 286 342
292 73 554
293 284 933
294 233 296
295 245 30
296 287 172
297 227 149
298 174 506
299 199 208
300 94 831
301 51 448
302 17 449
303 207 77
304 11 189
305 219 794
306 19 585
307 286 582
308 42 450
309 26 579
310 225 6
311 122 104
312 263 719
313 8 344
314 168 708
315 197 855
316 269 426
317 299 652
318 92 627
319 89 230
320 181 697
321 161 551
322 242 860
323 237 627
324 118 114
325 211 981
326 254 159
327 279 30
328 105 448
329 39 888
330 310 373
331 286 206
332 164 674
333 47 719
334 128 689
335 274 480
336 251 726
337 158 480
338 241 492
339 246 605
340 212 877
341 44 91
342 41 678
343 305 531
344 218 117
345 88 360
346 308 819
347 76 637
348 273 652
349 129 78
350 43 749
351 76 660
352 143 286
353 296 816
354 107 905
355 35 832
356 64 463
357 340 307
358 164 718
359 100 343
360 93 261
361 180 956
362 43 188
363 308 329
364 187 239
365 16 290
366 127 13
367 293 22
368 351 990
369 316 799
370 166 46
371 95 496
372 260 292
373 28 554
374 211 95
375 304 300
376 125 114
377 374 680
378 306 115
379 218 295
380 172 214
381 30 832
382 177 861
383 268 376
384 238 57
385 38 197
386 231 379
387 126 60
388 91 798
389 230 889
390 167 2
391 160 982
392 110 598
393 353 222
394 204 117
395 127 947
396 335 892
397 376 235
398 56 948
399 143 108
400 69 392
401 150 369
402 311 805
403 34 331
404 134 439
405 115 886
406 241 671
407 398 588
408 79 915
409 53 610
410 47 339
411 251 351
412 317 144
413 353 199
414 50 820
415 380 586
416 45 27
417 103 744
418 306 164
419 263 657
420 286 789
421 95 19
422 223 533
423 36 608
424 16 251
425 342 567
426 100 998
427 8 812
428 408 732
429 43 81
430 16 116
431 4 810
432 411 575
433 169 553
434 373 830
435 114 519
436 83 477
437 226 660
438 402 555
439 40 554
440 278 473
441 298 313
442 190 592
443 352 861
444 336 108
445 68 987
446 287 883
447 48 351
448 61 131
449 431 33
450 114 573
451 27 164
452 341 978
453 61 870
454 448 258
455 258 953
456 208 974
457 334 620
458 337 809
459 20 584
460 304 642
461 291 198
462 263 767
463 92 601
464 401 523
465 161 301
466 51 186
467 228 907
468 153 70
469 328 6
470 361 667
471 48 626
472 423 493
473 270 421
474 83 475
475 357 180
476 472 473
477 88 612
478 193 313
479 472 585
480 251 983
481 405 92
482 421 451
483 47 409
484 228 319
485 134 487
486 313 388
487 354 810
488 427 487
489 247 882
490 114 490
491 106 108
492 294 697
493 190 476
494 347 366
495 144 790
496 212 917
497 25 9
498 312 846
499 172 13
500 414 302
501 141 906
502 129 400
503 442 162
504 174 514
505 312 763
506 175 304
507 213 926
508 375 461
509 371 227
510 102 52
511 498 591
512 402 473
513 424 708
514 377 60
515 181 800
516 275 60
517 420 490
518 321 958
519 254 73
520 375 102
521 394 395
522 387 238
523 471 923
524 120 173
525 88 500
526 237 957
527 320 318
528 388 87
529 36 920
530 223 923
531 426 141
532 176 660
533 225 88
534 58 670
535 145 835
536 193 259
537 450 199
538 16 197
539 410 889
540 306 921
541 311 775
542 499 267
543 497 780
544 235 316
545 112 489
546 250 107
547 266 671
548 77 233
549 136 57
550 364 545
551 15 727
552 435 525
553 514 237
554 536 37
555 292 877
556 114 204
557 281 1000
558 351 228
559 273 292
560 207 580
561 408 487
562 336 273
563 296 898
564 459 346
565 507 895
566 307 134
567 462 521
568 450 638
569 132 549
570 32 580
571 503 170
572 60 150
573 483 602
574 286 357
575 465 4
576 451 119
577 384 146
578 215 592
579 88 677
580 441 916
581 517 892
582 362 285
583 406 918
584 97 208
585 173 508
586 45 240
587 298 416
588 583 991
589 149 942
590 11 560
591 331 7
592 13 141
593 59 855
594 487 392
595 448 666
596 360 877
597 59 728
598 543 740
599 10 447
600 311 773
601 196 263
602 89 863
603 323 577
604 395 527
605 187 344
606 86 270
607 310 540
608 302 37
609 164 721
610 336 240
611 460 200
612 538 251
613 334 54
614 512 134
615 91 963
616 315 197
617 14 2
618 329 664
619 444 178
620 165 405
621 342 994
622 312 415
623 10 778
624 611 813
625 514 933
626 5 61
627 104 252
628 452 368
629 204 895
630 294 768
631 529 946
632 313 980
633 602 695
634 518 537
635 297 821
636 46 395
637 283 287
638 343 260
639 425 410
640 83 230
641 412 454
642 430 600
643 213 682
644 613 15
645 37 854
646 280 667
647 248 981
648 77 624
649 345 599
650 16 882
651 216 657
652 438 104
653 143 938
654 28 564
655 442 135
656 384 944
657 32 932
658 640 895
659 364 306
660 522 382
661 188 743
662 104 871
663 130 836
664 448 385
665 443 251
666 339 842
667 326 40
668 572 259
669 244 656
670 177 602
671 439 36
672 371 669
673 446 132
674 451 619
675 314 554
676 222 794
677 412 190
678 186 202
679 212 246
680 37 953
681 70 656
682 561 882
683 505 41
684 418 270
685 332 687
686 536 883
687 332 31
688 581 996
689 442 568
690 271 984
691 190 669
692 491 359
693 14 843
694 177 8
695 415 501
696 416 144
697 128 864
698 443 801
699 496 212
700 254 420
701 58 21
702 343 276
703 56 504
704 341 330
705 482 971
706 514 571
707 522 914
708 680 114
709 23 730
710 610 366
711 33 770
712 283 331
713 597 562
714 212 73
715 180 942
716 348 378
717 463 651
718 644 445
719 344 92
720 564 462
721 670 507
722 254 477
723 187 701
724 220 689
725 403 837
726 284 278
727 228 939
728 393 368
729 690 931
730 349 785
731 447 230
732 368 198
733 674 450
734 190 926
735 324 323
736 676 144
737 158 360
738 35 416
739 196 861
740 497 895
741 83 763
742 687 960
743 24 630
744 195 24
745 561 956
746 198 64
747 108 168
748 688 407
749 673 234
750 58 266
751 419 350
752 456 556
753 120 428
754 703 476
755 369 648
756 344 386
757 86 341
758 675 557
759 104 518
760 234 922
761 705 26
762 143 390
763 157 2
764 472 203
765 687 243
766 355 933
767 405 546
768 674 299
769 589 660
770 54 701
771 402 24
772 609 909
773 3 908
774 249 790
775 553 160
776 345 269
777 201 339
778 696 408
779 393 510
780 296 158
781 776 237
782 448 446
783 548 306
784 755 123
785 46 775
786 243 287
787 229 993
788 763 210
789 767 357
790 238 252
791 557 197
792 599 735
793 369 66
794 726 742
795 578 966
796 562 829
797 504 211
798 371 958
799 335 492
800 768 903
801 374 261
802 711 640
803 44 291
804 666 426
805 370 685
806 277 236
807 674 920
808 70 898
809 120 247
810 76 788
811 772 328
812 67 1000
813 101 833
814 767 404
815 241 566
816 736 813
817 476 234
818 455 573
819 697 583
820 262 483
821 304 243
822 659 334
823 450 298
824 392 223
825 706 59
826 182 899
827 184 636
828 618 188
829 562 714
830 661 708
831 808 602
832 43 883
833 544 3
834 97 673
835 179 335
836 313 272
837 443 40
838 334 269
839 633 621
840 495 912
841 180 472
842 270 817
843 755 874
844 598 6
845 387 468
846 681 383
847 341 132
848 309 394
849 660 172
850 77 429
851 643 807
852 385 989
853 818 445
854 795 546
855 173 230
856 435 463
857 737 372
858 803 391
859 528 980
860 252 967
861 228 73
862 472 900
863 633 510
864 732 60
865 779 180
866 317 659
867 455 892
868 69 759
869 606 475
870 109 148
871 355 421
872 770 223
873 212 492
874 666 342
875 864 896
876 583 721
877 846 416
878 14 397
879 689 436
880 740 847
881 208 216
882 227 315
883 85 58
884 830 469
885 801 293
886 263 215
887 622 698
888 124 426
889 830 936
890 23 204
891 507 985
892 179 482
893 785 687
894 166 413
895 743 5
896 434 405
897 883 978
898 523 543
899 123 908
900 866 696
901 845 733
902 345 344
903 376 734
904 448 514
905 596 353
906 189 75
907 844 905
908 733 760
909 249 615
910 845 542
911 716 82
912 389 829
913 66 87
914 718 101
915 461 169
916 534 675
917 904 599
918 549 248
919 656 127
920 641 765
921 516 126
922 363 736
923 532 811
924 364 579
925 546 55
926 131 482
927 617 250
928 772 990
929 448 265
930 700 653
931 896 366
932 800 227
933 736 474
934 740 896
935 838 493
936 775 117
937 491 548
938 464 537
939 96 28
940 6 124
941 362 336
942 645 516
943 521 553
944 199 100
945 407 536
946 294 470
947 825 658
948 865 32
949 146 467
950 749 274
951 136 478
952 491 65
953 814 633
954 207 72
955 413 577
956 725 137
957 148 54
958 674 408
959 95 122
960 172 29
961 790 554
962 566 712
963 603 379
964 710 829
965 704 678
966 321 490
967 559 788
968 687 400
969 193 335
970 34 720
971 615 943
972 273 172
973 22 509
974 2 336
975 294 393
976 240 921
977 112 757
978 862 254
979 567 873
980 735 434
981 464 131
982 392 642
983 546 984
984 647 763
985 207 427
986 450 976
987 953 278
988 952 577
989 939 233
990 896 99
991 488 54
992 515 158
993 40 951
994 463 381
995 81 402
996 905 208
997 512 459
998 304 182
999 469 584
1000 115 389
807
79
980
60
285
323
121
570
294
795
581
495
473
219
305
478
960
78
191
669
404
528
685
670
28
177
790
498
620
722
308
976
201
752
216
711
256
441
652
674
534
47
862
218
183
233
571
32
568
987
405
147
242
518
933
714
75
14
525
363
827
204
548
278
62
434
77
226
384
985
930
909
254
968
677
819
550
65
84
146
414
3
20
703
585
252
902
169
810
239
420
137
505
139
358
180
761
80
245
144
8
126
813
151
828
577
588
57
789
303
636
69
848
870
10
196
957
533
656
471
659
318
385
566
31
592
328
103
480
259
484
966
135
504
145
54
470
431
769
863
723
556
444
82
646
610
986
176
486
867
648
428
579
406
741
956
393
205
270
467
716
395
921
946
952
342
340
459
996
332
742
626
672
596
83
920
519
544
418
267
765
868
817
207
73
124
105
543
609
841
589
833
991
597
785
288
786
837
333
361
667
334
362
655
265
310
594
845
317
635
70
402
712
896
618
429
192
758
168
58
483
794
116
692
127
501
891
516
727
319
315
86
5
178
687
775
149
724
924
264
463
690
888
33
494
42
666
241
128
115
460
645
44
35
569
52
382
699
773
17
949
736
336
981
971
959
897
383
66
309
731
392
68
456
587
22
913
607
344
524
647
552
675
804
990
611
928
489
564
791
214
812
899
90
302
852
877
950
527
814
48
608
133
995
972
586
132
865
720
625
50
640
708
866
766
153
220
97
532
442
900
211
788
491
275
673
12
397
857
908
188
293
651
563
61
107
46
547
91
691
725
834
513
398
606
984
234
356
446
689
181
599
905
958
947
721
660
355
728
565
492
713
49
521
904
840
809
479
195
925
212
835
175
454
530
822
272
529
45
443
253
445
43
416
160
629
844
113
634
59
719
87
854
777
301
417
811
983
289
34
88
415
816
118
410
228
98
706
890
882
546
273
159
260
591
462
831
555
537
258
821
464
937
171
768
815
549
369
388
371
617
326
643
702
823
704
106
111
633
895
859
745
425
307
209
945
352
6
81
760
123
911
850
747
826
884
246
136
939
554
503
838
545
718
339
782
729
400
438
347
229
864
141
508
860
829
763
824
129
619
477
448
322
295
965
662
401
1000
879
109
903
230
200
271
379
386
500
605
612
638
37
472
542
989
885
932
367
874
96
25
341
851
538
522
163
709
514
217
929
436
849
437
572
21
595
465
940
353
846
540
7
576
451
767
280
774
23
962
112
707
914
298
820
541
915
880
343
297
187
345
684
313
624
953
936
407
988
697
631
637
453
374
941
871
134
515
419
51
590
963
56
975
409
161
244
661
261
493
511
370
359
364
654
830
783
601
348
283
664
793
878
883
600
805
753
452
167
912
954
174
173
365
842
324
487
628
787
551
143
593
806
892
162
757
801
881
30
330
701
131
40
509
41
906
292
657
567
994
166
85
598
668
101
825
117
836
784
681
130
349
89
110
225
55
150
889
520
978
435
122
562
248
616
539
221
499
943
922
531
360
735
213
165
329
4
856
951
999
733
512
847
63
337
346
9
926
71
843
858
125
695
208
224
300
642
421
964
496
279
257
170
2
380
190
316
650
440
427
614
919
644
222
92
236
754
18
876
36
53
389
104
375
693
894
291
281
449
526
688
559
312
268
331
623
886
507
67
686
235
632
422
698
469
740
580
797
447
942
266
100
715
466
917
197
536
799
604
238
311
335
803
193
394
776
368
202
424
872
748
287
869
510
119
665
898
457
679
108
710
433
378
72
412
314
641
756
780
372
861
726
558
189
154
24
377
931
506
262
38
970
321
974
771
967
490
630
468
338
376
935
102
390
142
286
396
282
439
584
772
26
910
351
16
517
683
649
557
969
627
408
779
751
582
853
179
148
194
583
770
948
320
215
759
502
296
717
982
15
658
749
475
11
284
916
182
458
29
696
488
357
781
802
800
792
573
482
152
755
553
762
997
873
206
74
450
263
354
901
299
76
497
700
678
455
973
306
231
184
274
893
120
199
432
561
247
875
705
140
461
411
934
99
993
694
158
734
732
277
198
249
64
485
203
927
918
172
944
381
992
276
639
227
979
186
938
796
602
373
737
423
764
156
808
622
578
615
94
474
255
621
250
750
744
210
304
157
738
325
391
613
855
574
818
839
671
535
95
240
327
476
243
93
413
961
955
19
730
290
138
603
430
680
523
923
223
977
575
778
164
653
13
560
350
114
237
269
251
27
907
798
663
481
682
887
739
676
998
387
403
743
232
185
39
399
426
832
155
746
366
