1000 999
2 1 284
3 1 904
4 3 71
5 1 39
6 3 822
7 4 71
8 3 72
9 3 74
10 9 758
11 8 6
12 11 635
13 1 448
14 13 155
15 10 353
16 2 946
17 3 640
18 4 159
19 5 859
20 8 105
21 15 58
22 21 71
23 9 879
24 2 495
25 4 406
26 6 331
27 20 44
28 13 394
29 22 469
30 24 748
31 12 316
32 1 288
33 7 658
34 9 426
35 4 242
36 17 637
37 25 204
38 25 287
39 4 733
40 32 29
41 34 336
42 33 501
43 23 233
44 19 618
45 34 633
46 22 780
47 31 865
48 15 431
49 27 845
50 6 404
51 30 149
52 49 863
53 43 489
54 13 783
55 29 964
56 4 798
57 29 417
58 23 781
59 12 309
60 30 68
61 24 367
62 25 573
63 29 372
64 9 451
65 34 469
66 25 862
67 32 519
68 40 314
69 25 66
70 36 167
71 18 102
72 14 925
73 60 334
74 45 935
75 18 158
76 60 285
77 6 5
78 44 107
79 46 269
80 65 196
81 4 856
82 5 340
83 74 35
84 66 981
85 44 479
86 52 644
87 10 327
88 29 399
89 27 446
90 19 784
91 78 755
92 2 350
93 25 305
94 57 58
95 54 537
96 46 150
97 38 27
98 49 493
99 72 465
100 3 570
101 46 700
102 20 186
103 1 420
104 77 887
105 4 509
106 4 911
107 4 763
108 26 254
109 38 71
110 103 477
111 103 761
112 74 558
113 55 656
114 81 850
115 92 463
116 7 695
117 67 801
118 59 807
119 24 327
120 90 61
121 91 255
122 74 442
123 43 604
124 42 466
125 36 542
126 85 543
127 96 592
128 111 351
129 124 583
130 118 726
131 8 384
132 60 282
133 20 132
134 93 355
135 108 767
136 101 85
137 108 91
138 74 278
139 11 234
140 17 781
141 106 293
142 58 325
143 14 871
144 134 981
145 129 787
146 50 351
147 129 780
148 90 174
149 93 90
150 59 742
151 98 684
152 142 243
153 110 784
154 56 914
155 52 178
156 20 568
157 36 676
158 85 196
159 140 36
160 46 772
161 133 728
162 71 201
163 44 782
164 136 53
165 84 466
166 26 650
167 75 26
168 58 778
169 34 501
170 142 462
171 157 925
172 138 613
173 69 421
174 76 995
175 136 768
176 25 698
177 173 836
178 174 302
179 121 719
180 172 899
181 8 470
182 151 453
183 81 429
184 157 442
185 137 808
186 179 902
187 115 896
188 141 785
189 132 570
190 69 900
191 68 694
192 175 830
193 164 804
194 143 905
195 32 534
196 30 98
197 189 129
198 106 479
199 78 987
200 36 608
201 33 18
202 188 607
203 187 913
204 174 898
205 31 966
206 103 590
207 44 891
208 121 419
209 25 727
210 151 908
211 158 880
212 136 207
213 192 353
214 86 212
215 116 782
216 103 19
217 198 886
218 3 769
219 155 677
220 103 978
221 201 754
222 68 509
223 149 686
224 134 410
225 31 418
226 23 599
227 199 334
228 190 952
229 94 490
230 44 604
231 186 286
232 216 955
233 149 782
234 175 543
235 228 10
236 127 605
237 96 508
238 180 724
239 98 51
240 188 599
241 33 231
242 53 500
243 154 730
244 166 825
245 98 744
246 115 708
247 225 131
248 76 434
249 225 963
250 9 446
251 224 928
252 142 720
253 123 769
254 154 776
255 194 811
256 81 468
257 63 676
258 35 712
259 142 237
260 216 147
261 209 743
262 74 985
263 172 142
264 145 498
265 89 934
266 38 75
267 10 338
268 80 999
269 224 506
270 155 640
271 47 334
272 22 2
273 162 432
274 36 80
275 94 407
276 134 148
277 237 475
278 89 855
279 68 409
280 164 385
281 166 133
282 46 380
283 150 944
284 52 515
285 260 633
286 252 983
287 148 332
288 210 17
289 132 146
290 3 739
291 75 456
292 235 582
293 240 34
294 261 918
295 254 204
296 14 900
297 254 302
298 102 945
299 209 646
300 244 708
301 259 227
302 1 883
303 13 79
304 203 366
305 253 899
306 222 108
307 130 12
308 278 383
309 50 167
310 63 192
311 77 887
312 54 921
313 1 178
314 205 5
315 137 390
316 154 313
317 253 611
318 220 241
319 146 726
320 99 490
321 87 139
322 163 799
323 14 212
324 211 654
325 93 454
326 234 61
327 204 560
328 129 1000
329 202 813
330 235 483
331 138 443
332 15 355
333 218 472
334 223 292
335 39 202
336 304 261
337 138 797
338 187 112
339 226 740
340 236 76
341 186 615
342 310 718
343 263 466
344 177 119
345 110 715
346 55 424
347 333 180
348 79 114
349 13 909
350 337 654
351 109 355
352 189 569
353 77 891
354 129 894
355 217 307
356 338 611
357 1 983
358 312 734
359 184 930
360 228 673
361 319 446
362 3 178
363 20 59
364 346 9
365 330 240
366 24 517
367 184 625
368 174 359
369 138 181
370 44 665
371 16 327
372 90 424
373 81 556
374 49 962
375 148 309
376 298 778
377 257 986
378 314 905
379 129 285
380 248 273
381 108 869
382 295 522
383 263 159
384 309 479
385 246 426
386 172 196
387 10 253
388 105 489
389 52 426
390 351 58
391 31 880
392 133 44
393 370 917
394 92 831
395 206 620
396 290 152
397 196 156
398 337 594
399 140 340
400 322 868
401 275 259
402 394 540
403 144 181
404 198 693
405 166 385
406 257 238
407 75 713
408 9 296
409 159 483
410 349 979
411 50 490
412 234 736
413 351 57
414 11 931
415 38 651
416 151 247
417 38 675
418 88 954
419 19 989
420 390 631
421 35 656
422 142 812
423 400 288
424 70 30
425 81 537
426 17 128
427 162 361
428 49 369
429 267 751
430 206 378
431 184 137
432 201 850
433 260 19
434 178 659
435 26 852
436 125 415
437 78 536
438 214 3
439 379 946
440 252 331
441 135 512
442 357 15
443 300 205
444 132 883
445 22 571
446 260 494
447 8 152
448 177 555
449 169 701
450 383 719
451 340 905
452 169 21
453 107 902
454 319 2
455 403 634
456 109 405
457 180 192
458 282 745
459 54 247
460 27 930
461 448 333
462 15 561
463 387 430
464 245 688
465 290 343
466 100 741
467 254 268
468 436 976
469 281 225
470 449 374
471 3 610
472 80 574
473 357 665
474 85 154
475 235 932
476 445 283
477 57 443
478 26 739
479 415 489
480 61 450
481 16 435
482 398 373
483 79 384
484 51 350
485 56 942
486 112 284
487 394 770
488 316 612
489 52 820
490 146 34
491 284 822
492 375 210
493 19 324
494 43 884
495 55 225
496 432 421
497 57 510
498 177 733
499 218 634
500 395 946
501 473 721
502 184 240
503 481 147
504 285 445
505 131 842
506 324 310
507 323 779
508 292 751
509 166 735
510 192 472
511 299 464
512 42 718
513 205 806
514 53 356
515 230 345
516 357 587
517 313 442
518 267 658
519 255 952
520 308 685
521 95 485
522 455 611
523 485 232
524 94 586
525 278 993
526 145 612
527 177 712
528 508 853
529 228 741
530 302 178
531 94 279
532 11 778
533 515 902
534 363 552
535 106 206
536 48 426
537 235 982
538 498 6
539 212 692
540 351 678
541 331 85
542 89 835
543 92 41
544 198 582
545 122 415
546 16 873
547 163 676
548 30 162
549 96 976
550 208 939
551 477 72
552 126 739
553 99 28
554 510 225
555 324 31
556 296 931
557 79 430
558 262 915
559 162 418
560 143 57
561 491 774
562 520 470
563 331 374
564 259 212
565 122 71
566 542 373
567 469 64
568 105 48
569 421 626
570 59 4
571 414 883
572 309 319
573 123 586
574 277 485
575 212 340
576 62 947
577 576 52
578 379 218
579 154 814
580 570 722
581 272 896
582 417 865
583 101 475
584 455 702
585 514 118
586 535 505
587 156 325
588 244 284
589 329 18
590 420 487
591 387 949
592 571 679
593 590 41
594 245 120
595 233 345
596 186 374
597 102 690
598 129 674
599 335 895
600 91 481
601 210 2
602 254 659
603 190 657
604 394 963
605 561 70
606 558 961
607 388 652
608 97 249
609 312 437
610 302 410
611 444 560
612 393 325
613 479 629
614 580 731
615 509 680
616 519 787
617 596 218
618 32 563
619 420 764
620 351 311
621 464 326
622 76 546
623 318 942
624 580 464
625 37 123
626 395 411
627 70 158
628 598 473
629 91 195
630 475 677
631 588 52
632 311 786
633 590 98
634 173 1000
635 81 957
636 84 257
637 357 665
638 179 515
639 447 797
640 140 56
641 478 810
642 202 129
643 257 570
644 436 290
645 288 856
646 154 358
647 61 792
648 347 911
649 536 941
650 505 790
651 39 822
652 175 974
653 488 961
654 114 228
655 445 450
656 276 602
657 463 754
658 225 554
659 289 11
660 552 363
661 58 376
662 489 875
663 238 742
664 530 172
665 243 559
666 235 51
667 635 72
668 465 4
669 400 414
670 457 313
671 140 387
672 228 550
673 64 112
674 513 594
675 245 42
676 434 9
677 465 123
678 90 652
679 46 304
680 523 113
681 95 681
682 669 39
683 294 969
684 146 366
685 170 174
686 6 814
687 561 762
688 325 976
689 444 130
690 407 392
691 133 888
692 194 287
693 227 844
694 2 911
695 191 5
696 269 486
697 490 593
698 538 400
699 185 624
700 548 58
701 192 636
702 208 429
703 351 992
704 503 523
705 74 765
706 447 523
707 353 427
708 612 833
709 508 262
710 644 819
711 254 877
712 463 314
713 87 128
714 1 716
715 384 801
716 17 78
717 57 44
718 81 891
719 260 704
720 704 573
721 272 993
722 687 543
723 250 52
724 50 230
725 31 264
726 687 964
727 635 772
728 220 700
729 554 177
730 258 40
731 428 691
732 252 93
733 434 979
734 469 275
735 665 950
736 513 743
737 180 176
738 112 582
739 733 894
740 617 622
741 207 684
742 461 96
743 589 186
744 512 733
745 633 683
746 454 321
747 209 941
748 153 332
749 320 61
750 538 923
751 621 981
752 216 492
753 739 306
754 103 285
755 98 57
756 375 495
757 230 218
758 420 679
759 697 466
760 206 365
761 280 101
762 78 770
763 650 490
764 601 136
765 436 399
766 596 218
767 600 537
768 351 371
769 540 966
770 415 346
771 730 103
772 407 37
773 436 587
774 213 734
775 698 91
776 649 332
777 348 187
778 332 745
779 7 153
780 521 50
781 234 796
782 658 450
783 163 197
784 256 267
785 432 879
786 505 621
787 542 426
788 478 390
789 127 116
790 560 825
791 719 335
792 560 351
793 673 718
794 208 850
795 510 821
796 462 230
797 572 494
798 136 377
799 384 918
800 131 47
801 796 771
802 79 975
803 751 78
804 445 652
805 419 216
806 671 837
807 691 94
808 755 67
809 459 270
810 295 247
811 354 167
812 399 467
813 269 237
814 570 754
815 765 48
816 449 324
817 661 863
818 143 762
819 396 309
820 394 755
821 5 790
822 598 49
823 203 325
824 412 334
825 642 364
826 8 817
827 27 792
828 346 286
829 69 70
830 501 763
831 675 467
832 457 678
833 354 15
834 613 115
835 751 421
836 249 21
837 153 22
838 461 622
839 329 781
840 63 993
841 679 56
842 499 649
843 49 230
844 799 193
845 576 181
846 631 507
847 585 519
848 196 693
849 318 178
850 564 937
851 849 509
852 326 636
853 330 893
854 49 14
855 749 106
856 13 305
857 348 783
858 469 216
859 508 918
860 763 318
861 176 396
862 113 201
863 268 97
864 269 763
865 442 252
866 398 646
867 190 569
868 253 303
869 783 216
870 80 878
871 821 687
872 801 416
873 530 753
874 839 74
875 260 838
876 380 419
877 462 581
878 23 552
879 854 222
880 350 897
881 179 143
882 378 642
883 771 661
884 274 358
885 194 322
886 790 91
887 109 599
888 412 997
889 770 480
890 807 129
891 273 246
892 221 128
893 253 831
894 514 503
895 856 667
896 213 217
897 248 423
898 36 91
899 615 496
900 556 996
901 495 559
902 727 218
903 601 968
904 298 29
905 823 489
906 186 860
907 556 242
908 251 950
909 334 386
910 29 366
911 573 65
912 52 235
913 284 492
914 575 758
915 521 854
916 371 988
917 38 19
918 477 655
919 112 4
920 96 809
921 760 568
922 769 347
923 225 440
924 817 335
925 818 5
926 749 689
927 738 609
928 777 978
929 5 961
930 420 543
931 638 466
932 179 889
933 873 675
934 717 499
935 312 886
936 41 297
937 696 203
938 202 863
939 819 858
940 850 525
941 183 233
942 341 914
943 523 969
944 727 901
945 153 340
946 430 137
947 564 525
948 160 755
949 214 446
950 69 716
951 367 581
952 921 762
953 782 811
954 114 786
955 343 689
956 94 28
957 93 452
958 291 79
959 404 152
960 263 791
961 403 116
962 448 905
963 772 372
964 239 658
965 879 401
966 855 25
967 479 969
968 209 197
969 618 874
970 246 628
971 57 914
972 33 891
973 271 730
974 475 899
975 873 966
976 947 492
977 241 717
978 785 636
979 883 217
980 569 941
981 787 687
982 927 556
983 733 468
984 652 875
985 724 187
986 106 167
987 546 340
988 419 115
989 726 704
990 857 303
991 531 222
992 925 591
993 154 933
994 866 621
995 392 696
996 755 356
997 803 946
998 24 799
999 349 284
1000 301 845
425
666
240
908
41
63
942
284
810
811
326
545
873
158
523
506
147
478
699
79
644
995
24
745
671
739
655
489
927
164
682
721
941
831
622
208
279
74
398
422
969
221
878
688
505
212
227
465
166
608
843
408
804
560
976
625
135
860
953
660
524
33
702
859
909
306
165
108
357
727
563
595
708
742
300
376
157
276
118
553
233
289
150
209
551
549
496
84
957
36
960
738
149
687
28
311
280
181
446
261
869
328
891
2
159
387
479
676
448
297
881
45
522
1000
645
771
819
343
677
291
187
870
182
585
546
715
931
363
846
395
92
426
409
415
95
282
248
955
749
815
565
192
367
855
470
940
100
419
582
734
87
25
141
663
759
369
602
452
160
526
820
674
936
9
226
215
350
558
966
271
473
532
399
83
173
385
127
80
529
584
579
961
237
19
628
373
361
329
148
511
494
985
94
109
364
199
155
58
639
780
933
918
501
103
790
183
934
480
801
775
856
274
392
890
605
948
593
423
857
309
59
698
877
724
202
796
967
614
99
521
883
570
292
3
795
935
335
611
559
413
670
914
894
390
642
298
736
151
10
55
342
661
627
806
67
572
242
360
518
112
402
222
296
746
793
747
986
388
243
766
435
756
330
133
533
720
61
29
275
410
651
841
437
962
263
260
406
603
238
98
497
487
365
62
278
268
874
731
575
564
866
828
946
646
75
407
486
139
710
509
102
950
44
176
589
535
516
239
381
515
370
414
214
547
834
481
988
431
312
167
191
194
668
803
491
358
60
153
865
503
864
888
241
650
885
48
380
848
779
958
383
769
50
254
982
851
177
573
691
64
871
502
341
73
428
156
965
101
30
858
705
210
70
994
374
538
397
989
879
938
542
265
737
975
134
195
324
620
462
72
872
283
944
959
556
954
552
193
619
719
791
304
924
692
615
184
339
656
172
372
597
599
937
512
774
424
541
835
784
229
272
391
604
892
507
144
735
389
949
97
970
171
185
695
429
445
200
198
179
634
120
897
285
123
762
117
996
16
169
577
439
459
513
430
826
197
807
371
168
610
974
568
490
438
649
519
751
467
247
787
472
697
366
781
750
162
17
434
581
945
689
901
18
77
557
849
922
629
977
464
204
386
378
46
122
484
983
729
673
287
471
654
587
207
314
990
338
498
146
281
686
466
307
917
693
174
310
561
163
770
321
355
919
273
91
458
900
711
288
637
669
809
544
455
443
640
517
356
678
256
418
344
322
219
971
797
847
862
947
822
351
821
683
308
679
850
567
427
477
956
354
728
121
823
606
672
213
895
653
607
778
609
647
331
528
910
978
662
433
712
262
11
786
998
700
920
818
916
332
142
764
412
789
23
190
22
576
598
411
658
813
230
405
600
932
293
111
980
761
211
90
294
829
13
245
616
680
773
224
833
537
137
26
27
853
633
180
53
667
641
845
492
964
968
952
4
110
907
590
269
701
316
42
116
368
785
635
525
113
76
713
175
105
54
758
302
442
550
336
114
741
704
270
830
754
14
799
574
301
863
115
979
543
463
206
362
827
32
196
757
825
251
630
782
189
474
353
347
447
636
334
648
939
244
973
555
325
743
217
531
393
15
788
882
586
106
767
904
31
252
178
305
201
594
421
203
527
898
733
457
493
140
981
842
495
800
548
152
520
925
126
5
277
128
37
154
267
441
85
129
583
899
930
333
68
861
554
675
566
20
913
510
652
928
40
763
348
812
475
47
359
319
266
461
681
161
623
837
664
792
143
12
744
730
8
450
776
65
838
71
997
802
476
540
66
943
723
696
232
96
814
6
836
81
340
613
313
617
52
337
534
35
246
665
432
403
234
416
504
911
451
136
816
886
88
255
714
290
991
929
596
124
377
460
755
659
417
352
726
384
396
259
236
327
82
453
578
889
852
220
34
638
131
921
235
485
824
580
867
104
218
783
926
690
86
571
621
694
794
404
887
299
999
315
772
963
468
915
223
483
612
43
752
188
624
703
592
394
777
854
717
500
626
317
286
119
902
125
488
56
249
253
706
514
454
591
93
893
992
295
880
748
257
323
39
69
707
839
382
805
264
49
132
440
89
685
482
632
765
657
469
318
709
832
912
722
420
250
760
379
817
57
923
530
844
205
569
740
508
130
170
346
716
231
499
993
186
725
732
349
51
601
906
951
228
400
38
875
7
618
107
562
258
798
588
536
896
401
444
643
449
303
375
456
718
905
753
138
21
868
345
972
320
684
876
768
903
145
987
78
808
631
884
216
539
840
436
984
225
