1000 1 1 1
1000000000 1 1 999
999999998 1 1 998
999999996 1 1 997
999999994 1 1 996
999999992 1 1 995
999999990 1 1 994
999999988 1 1 993
999999986 1 1 992
999999984 1 1 991
999999982 1 1 990
999999980 1 1 989
999999978 1 1 988
999999976 1 1 987
999999974 1 1 986
999999972 1 1 985
999999970 1 1 984
999999968 1 1 983
999999966 1 1 982
999999964 1 1 981
999999962 1 1 980
999999960 1 1 979
999999958 1 1 978
999999956 1 1 977
999999954 1 1 976
999999952 1 1 975
999999950 1 1 974
999999948 1 1 973
999999946 1 1 972
999999944 1 1 971
999999942 1 1 970
999999940 1 1 969
999999938 1 1 968
999999936 1 1 967
999999934 1 1 966
999999932 1 1 965
999999930 1 1 964
999999928 1 1 963
999999926 1 1 962
999999924 1 1 961
999999922 1 1 960
999999920 1 1 959
999999918 1 1 958
999999916 1 1 957
999999914 1 1 956
999999912 1 1 955
999999910 1 1 954
999999908 1 1 953
999999906 1 1 952
999999904 1 1 951
999999902 1 1 950
999999900 1 1 949
999999898 1 1 948
999999896 1 1 947
999999894 1 1 946
999999892 1 1 945
999999890 1 1 944
999999888 1 1 943
999999886 1 1 942
999999884 1 1 941
999999882 1 1 940
999999880 1 1 939
999999878 1 1 938
999999876 1 1 937
999999874 1 1 936
999999872 1 1 935
999999870 1 1 934
999999868 1 1 933
999999866 1 1 932
999999864 1 1 931
999999862 1 1 930
999999860 1 1 929
999999858 1 1 928
999999856 1 1 927
999999854 1 1 926
999999852 1 1 925
999999850 1 1 924
999999848 1 1 923
999999846 1 1 922
999999844 1 1 921
999999842 1 1 920
999999840 1 1 919
999999838 1 1 918
999999836 1 1 917
999999834 1 1 916
999999832 1 1 915
999999830 1 1 914
999999828 1 1 913
999999826 1 1 912
999999824 1 1 911
999999822 1 1 910
999999820 1 1 909
999999818 1 1 908
999999816 1 1 907
999999814 1 1 906
999999812 1 1 905
999999810 1 1 904
999999808 1 1 903
999999806 1 1 902
999999804 1 1 901
999999802 1 1 900
999999800 1 1 899
999999798 1 1 898
999999796 1 1 897
999999794 1 1 896
999999792 1 1 895
999999790 1 1 894
999999788 1 1 893
999999786 1 1 892
999999784 1 1 891
999999782 1 1 890
999999780 1 1 889
999999778 1 1 888
999999776 1 1 887
999999774 1 1 886
999999772 1 1 885
999999770 1 1 884
999999768 1 1 883
999999766 1 1 882
999999764 1 1 881
999999762 1 1 880
999999760 1 1 879
999999758 1 1 878
999999756 1 1 877
999999754 1 1 876
999999752 1 1 875
999999750 1 1 874
999999748 1 1 873
999999746 1 1 872
999999744 1 1 871
999999742 1 1 870
999999740 1 1 869
999999738 1 1 868
999999736 1 1 867
999999734 1 1 866
999999732 1 1 865
999999730 1 1 864
999999728 1 1 863
999999726 1 1 862
999999724 1 1 861
999999722 1 1 860
999999720 1 1 859
999999718 1 1 858
999999716 1 1 857
999999714 1 1 856
999999712 1 1 855
999999710 1 1 854
999999708 1 1 853
999999706 1 1 852
999999704 1 1 851
999999702 1 1 850
999999700 1 1 849
999999698 1 1 848
999999696 1 1 847
999999694 1 1 846
999999692 1 1 845
999999690 1 1 844
999999688 1 1 843
999999686 1 1 842
999999684 1 1 841
999999682 1 1 840
999999680 1 1 839
999999678 1 1 838
999999676 1 1 837
999999674 1 1 836
999999672 1 1 835
999999670 1 1 834
999999668 1 1 833
999999666 1 1 832
999999664 1 1 831
999999662 1 1 830
999999660 1 1 829
999999658 1 1 828
999999656 1 1 827
999999654 1 1 826
999999652 1 1 825
999999650 1 1 824
999999648 1 1 823
999999646 1 1 822
999999644 1 1 821
999999642 1 1 820
999999640 1 1 819
999999638 1 1 818
999999636 1 1 817
999999634 1 1 816
999999632 1 1 815
999999630 1 1 814
999999628 1 1 813
999999626 1 1 812
999999624 1 1 811
999999622 1 1 810
999999620 1 1 809
999999618 1 1 808
999999616 1 1 807
999999614 1 1 806
999999612 1 1 805
999999610 1 1 804
999999608 1 1 803
999999606 1 1 802
999999604 1 1 801
999999602 1 1 800
999999600 1 1 799
999999598 1 1 798
999999596 1 1 797
999999594 1 1 796
999999592 1 1 795
999999590 1 1 794
999999588 1 1 793
999999586 1 1 792
999999584 1 1 791
999999582 1 1 790
999999580 1 1 789
999999578 1 1 788
999999576 1 1 787
999999574 1 1 786
999999572 1 1 785
999999570 1 1 784
999999568 1 1 783
999999566 1 1 782
999999564 1 1 781
999999562 1 1 780
999999560 1 1 779
999999558 1 1 778
999999556 1 1 777
999999554 1 1 776
999999552 1 1 775
999999550 1 1 774
999999548 1 1 773
999999546 1 1 772
999999544 1 1 771
999999542 1 1 770
999999540 1 1 769
999999538 1 1 768
999999536 1 1 767
999999534 1 1 766
999999532 1 1 765
999999530 1 1 764
999999528 1 1 763
999999526 1 1 762
999999524 1 1 761
999999522 1 1 760
999999520 1 1 759
999999518 1 1 758
999999516 1 1 757
999999514 1 1 756
999999512 1 1 755
999999510 1 1 754
999999508 1 1 753
999999506 1 1 752
999999504 1 1 751
999999502 1 1 750
999999500 1 1 749
999999498 1 1 748
999999496 1 1 747
999999494 1 1 746
999999492 1 1 745
999999490 1 1 744
999999488 1 1 743
999999486 1 1 742
999999484 1 1 741
999999482 1 1 740
999999480 1 1 739
999999478 1 1 738
999999476 1 1 737
999999474 1 1 736
999999472 1 1 735
999999470 1 1 734
999999468 1 1 733
999999466 1 1 732
999999464 1 1 731
999999462 1 1 730
999999460 1 1 729
999999458 1 1 728
999999456 1 1 727
999999454 1 1 726
999999452 1 1 725
999999450 1 1 724
999999448 1 1 723
999999446 1 1 722
999999444 1 1 721
999999442 1 1 720
999999440 1 1 719
999999438 1 1 718
999999436 1 1 717
999999434 1 1 716
999999432 1 1 715
999999430 1 1 714
999999428 1 1 713
999999426 1 1 712
999999424 1 1 711
999999422 1 1 710
999999420 1 1 709
999999418 1 1 708
999999416 1 1 707
999999414 1 1 706
999999412 1 1 705
999999410 1 1 704
999999408 1 1 703
999999406 1 1 702
999999404 1 1 701
999999402 1 1 700
999999400 1 1 699
999999398 1 1 698
999999396 1 1 697
999999394 1 1 696
999999392 1 1 695
999999390 1 1 694
999999388 1 1 693
999999386 1 1 692
999999384 1 1 691
999999382 1 1 690
999999380 1 1 689
999999378 1 1 688
999999376 1 1 687
999999374 1 1 686
999999372 1 1 685
999999370 1 1 684
999999368 1 1 683
999999366 1 1 682
999999364 1 1 681
999999362 1 1 680
999999360 1 1 679
999999358 1 1 678
999999356 1 1 677
999999354 1 1 676
999999352 1 1 675
999999350 1 1 674
999999348 1 1 673
999999346 1 1 672
999999344 1 1 671
999999342 1 1 670
999999340 1 1 669
999999338 1 1 668
999999336 1 1 667
999999334 1 1 666
999999332 1 1 665
999999330 1 1 664
999999328 1 1 663
999999326 1 1 662
999999324 1 1 661
999999322 1 1 660
999999320 1 1 659
999999318 1 1 658
999999316 1 1 657
999999314 1 1 656
999999312 1 1 655
999999310 1 1 654
999999308 1 1 653
999999306 1 1 652
999999304 1 1 651
999999302 1 1 650
999999300 1 1 649
999999298 1 1 648
999999296 1 1 647
999999294 1 1 646
999999292 1 1 645
999999290 1 1 644
999999288 1 1 643
999999286 1 1 642
999999284 1 1 641
999999282 1 1 640
999999280 1 1 639
999999278 1 1 638
999999276 1 1 637
999999274 1 1 636
999999272 1 1 635
999999270 1 1 634
999999268 1 1 633
999999266 1 1 632
999999264 1 1 631
999999262 1 1 630
999999260 1 1 629
999999258 1 1 628
999999256 1 1 627
999999254 1 1 626
999999252 1 1 625
999999250 1 1 624
999999248 1 1 623
999999246 1 1 622
999999244 1 1 621
999999242 1 1 620
999999240 1 1 619
999999238 1 1 618
999999236 1 1 617
999999234 1 1 616
999999232 1 1 615
999999230 1 1 614
999999228 1 1 613
999999226 1 1 612
999999224 1 1 611
999999222 1 1 610
999999220 1 1 609
999999218 1 1 608
999999216 1 1 607
999999214 1 1 606
999999212 1 1 605
999999210 1 1 604
999999208 1 1 603
999999206 1 1 602
999999204 1 1 601
999999202 1 1 600
999999200 1 1 599
999999198 1 1 598
999999196 1 1 597
999999194 1 1 596
999999192 1 1 595
999999190 1 1 594
999999188 1 1 593
999999186 1 1 592
999999184 1 1 591
999999182 1 1 590
999999180 1 1 589
999999178 1 1 588
999999176 1 1 587
999999174 1 1 586
999999172 1 1 585
999999170 1 1 584
999999168 1 1 583
999999166 1 1 582
999999164 1 1 581
999999162 1 1 580
999999160 1 1 579
999999158 1 1 578
999999156 1 1 577
999999154 1 1 576
999999152 1 1 575
999999150 1 1 574
999999148 1 1 573
999999146 1 1 572
999999144 1 1 571
999999142 1 1 570
999999140 1 1 569
999999138 1 1 568
999999136 1 1 567
999999134 1 1 566
999999132 1 1 565
999999130 1 1 564
999999128 1 1 563
999999126 1 1 562
999999124 1 1 561
999999122 1 1 560
999999120 1 1 559
999999118 1 1 558
999999116 1 1 557
999999114 1 1 556
999999112 1 1 555
999999110 1 1 554
999999108 1 1 553
999999106 1 1 552
999999104 1 1 551
999999102 1 1 550
999999100 1 1 549
999999098 1 1 548
999999096 1 1 547
999999094 1 1 546
999999092 1 1 545
999999090 1 1 544
999999088 1 1 543
999999086 1 1 542
999999084 1 1 541
999999082 1 1 540
999999080 1 1 539
999999078 1 1 538
999999076 1 1 537
999999074 1 1 536
999999072 1 1 535
999999070 1 1 534
999999068 1 1 533
999999066 1 1 532
999999064 1 1 531
999999062 1 1 530
999999060 1 1 529
999999058 1 1 528
999999056 1 1 527
999999054 1 1 526
999999052 1 1 525
999999050 1 1 524
999999048 1 1 523
999999046 1 1 522
999999044 1 1 521
999999042 1 1 520
999999040 1 1 519
999999038 1 1 518
999999036 1 1 517
999999034 1 1 516
999999032 1 1 515
999999030 1 1 514
999999028 1 1 513
999999026 1 1 512
999999024 1 1 511
999999022 1 1 510
999999020 1 1 509
999999018 1 1 508
999999016 1 1 507
999999014 1 1 506
999999012 1 1 505
999999010 1 1 504
999999008 1 1 503
999999006 1 1 502
999999004 1 1 501
999999002 1 1 500
999999000 1 1 499
999998998 1 1 498
999998996 1 1 497
999998994 1 1 496
999998992 1 1 495
999998990 1 1 494
999998988 1 1 493
999998986 1 1 492
999998984 1 1 491
999998982 1 1 490
999998980 1 1 489
999998978 1 1 488
999998976 1 1 487
999998974 1 1 486
999998972 1 1 485
999998970 1 1 484
999998968 1 1 483
999998966 1 1 482
999998964 1 1 481
999998962 1 1 480
999998960 1 1 479
999998958 1 1 478
999998956 1 1 477
999998954 1 1 476
999998952 1 1 475
999998950 1 1 474
999998948 1 1 473
999998946 1 1 472
999998944 1 1 471
999998942 1 1 470
999998940 1 1 469
999998938 1 1 468
999998936 1 1 467
999998934 1 1 466
999998932 1 1 465
999998930 1 1 464
999998928 1 1 463
999998926 1 1 462
999998924 1 1 461
999998922 1 1 460
999998920 1 1 459
999998918 1 1 458
999998916 1 1 457
999998914 1 1 456
999998912 1 1 455
999998910 1 1 454
999998908 1 1 453
999998906 1 1 452
999998904 1 1 451
999998902 1 1 450
999998900 1 1 449
999998898 1 1 448
999998896 1 1 447
999998894 1 1 446
999998892 1 1 445
999998890 1 1 444
999998888 1 1 443
999998886 1 1 442
999998884 1 1 441
999998882 1 1 440
999998880 1 1 439
999998878 1 1 438
999998876 1 1 437
999998874 1 1 436
999998872 1 1 435
999998870 1 1 434
999998868 1 1 433
999998866 1 1 432
999998864 1 1 431
999998862 1 1 430
999998860 1 1 429
999998858 1 1 428
999998856 1 1 427
999998854 1 1 426
999998852 1 1 425
999998850 1 1 424
999998848 1 1 423
999998846 1 1 422
999998844 1 1 421
999998842 1 1 420
999998840 1 1 419
999998838 1 1 418
999998836 1 1 417
999998834 1 1 416
999998832 1 1 415
999998830 1 1 414
999998828 1 1 413
999998826 1 1 412
999998824 1 1 411
999998822 1 1 410
999998820 1 1 409
999998818 1 1 408
999998816 1 1 407
999998814 1 1 406
999998812 1 1 405
999998810 1 1 404
999998808 1 1 403
999998806 1 1 402
999998804 1 1 401
999998802 1 1 400
999998800 1 1 399
999998798 1 1 398
999998796 1 1 397
999998794 1 1 396
999998792 1 1 395
999998790 1 1 394
999998788 1 1 393
999998786 1 1 392
999998784 1 1 391
999998782 1 1 390
999998780 1 1 389
999998778 1 1 388
999998776 1 1 387
999998774 1 1 386
999998772 1 1 385
999998770 1 1 384
999998768 1 1 383
999998766 1 1 382
999998764 1 1 381
999998762 1 1 380
999998760 1 1 379
999998758 1 1 378
999998756 1 1 377
999998754 1 1 376
999998752 1 1 375
999998750 1 1 374
999998748 1 1 373
999998746 1 1 372
999998744 1 1 371
999998742 1 1 370
999998740 1 1 369
999998738 1 1 368
999998736 1 1 367
999998734 1 1 366
999998732 1 1 365
999998730 1 1 364
999998728 1 1 363
999998726 1 1 362
999998724 1 1 361
999998722 1 1 360
999998720 1 1 359
999998718 1 1 358
999998716 1 1 357
999998714 1 1 356
999998712 1 1 355
999998710 1 1 354
999998708 1 1 353
999998706 1 1 352
999998704 1 1 351
999998702 1 1 350
999998700 1 1 349
999998698 1 1 348
999998696 1 1 347
999998694 1 1 346
999998692 1 1 345
999998690 1 1 344
999998688 1 1 343
999998686 1 1 342
999998684 1 1 341
999998682 1 1 340
999998680 1 1 339
999998678 1 1 338
999998676 1 1 337
999998674 1 1 336
999998672 1 1 335
999998670 1 1 334
999998668 1 1 333
999998666 1 1 332
999998664 1 1 331
999998662 1 1 330
999998660 1 1 329
999998658 1 1 328
999998656 1 1 327
999998654 1 1 326
999998652 1 1 325
999998650 1 1 324
999998648 1 1 323
999998646 1 1 322
999998644 1 1 321
999998642 1 1 320
999998640 1 1 319
999998638 1 1 318
999998636 1 1 317
999998634 1 1 316
999998632 1 1 315
999998630 1 1 314
999998628 1 1 313
999998626 1 1 312
999998624 1 1 311
999998622 1 1 310
999998620 1 1 309
999998618 1 1 308
999998616 1 1 307
999998614 1 1 306
999998612 1 1 305
999998610 1 1 304
999998608 1 1 303
999998606 1 1 302
999998604 1 1 301
999998602 1 1 300
999998600 1 1 299
999998598 1 1 298
999998596 1 1 297
999998594 1 1 296
999998592 1 1 295
999998590 1 1 294
999998588 1 1 293
999998586 1 1 292
999998584 1 1 291
999998582 1 1 290
999998580 1 1 289
999998578 1 1 288
999998576 1 1 287
999998574 1 1 286
999998572 1 1 285
999998570 1 1 284
999998568 1 1 283
999998566 1 1 282
999998564 1 1 281
999998562 1 1 280
999998560 1 1 279
999998558 1 1 278
999998556 1 1 277
999998554 1 1 276
999998552 1 1 275
999998550 1 1 274
999998548 1 1 273
999998546 1 1 272
999998544 1 1 271
999998542 1 1 270
999998540 1 1 269
999998538 1 1 268
999998536 1 1 267
999998534 1 1 266
999998532 1 1 265
999998530 1 1 264
999998528 1 1 263
999998526 1 1 262
999998524 1 1 261
999998522 1 1 260
999998520 1 1 259
999998518 1 1 258
999998516 1 1 257
999998514 1 1 256
999998512 1 1 255
999998510 1 1 254
999998508 1 1 253
999998506 1 1 252
999998504 1 1 251
999998502 1 1 250
999998500 1 1 249
999998498 1 1 248
999998496 1 1 247
999998494 1 1 246
999998492 1 1 245
999998490 1 1 244
999998488 1 1 243
999998486 1 1 242
999998484 1 1 241
999998482 1 1 240
999998480 1 1 239
999998478 1 1 238
999998476 1 1 237
999998474 1 1 236
999998472 1 1 235
999998470 1 1 234
999998468 1 1 233
999998466 1 1 232
999998464 1 1 231
999998462 1 1 230
999998460 1 1 229
999998458 1 1 228
999998456 1 1 227
999998454 1 1 226
999998452 1 1 225
999998450 1 1 224
999998448 1 1 223
999998446 1 1 222
999998444 1 1 221
999998442 1 1 220
999998440 1 1 219
999998438 1 1 218
999998436 1 1 217
999998434 1 1 216
999998432 1 1 215
999998430 1 1 214
999998428 1 1 213
999998426 1 1 212
999998424 1 1 211
999998422 1 1 210
999998420 1 1 209
999998418 1 1 208
999998416 1 1 207
999998414 1 1 206
999998412 1 1 205
999998410 1 1 204
999998408 1 1 203
999998406 1 1 202
999998404 1 1 201
999998402 1 1 200
999998400 1 1 199
999998398 1 1 198
999998396 1 1 197
999998394 1 1 196
999998392 1 1 195
999998390 1 1 194
999998388 1 1 193
999998386 1 1 192
999998384 1 1 191
999998382 1 1 190
999998380 1 1 189
999998378 1 1 188
999998376 1 1 187
999998374 1 1 186
999998372 1 1 185
999998370 1 1 184
999998368 1 1 183
999998366 1 1 182
999998364 1 1 181
999998362 1 1 180
999998360 1 1 179
999998358 1 1 178
999998356 1 1 177
999998354 1 1 176
999998352 1 1 175
999998350 1 1 174
999998348 1 1 173
999998346 1 1 172
999998344 1 1 171
999998342 1 1 170
999998340 1 1 169
999998338 1 1 168
999998336 1 1 167
999998334 1 1 166
999998332 1 1 165
999998330 1 1 164
999998328 1 1 163
999998326 1 1 162
999998324 1 1 161
999998322 1 1 160
999998320 1 1 159
999998318 1 1 158
999998316 1 1 157
999998314 1 1 156
999998312 1 1 155
999998310 1 1 154
999998308 1 1 153
999998306 1 1 152
999998304 1 1 151
999998302 1 1 150
999998300 1 1 149
999998298 1 1 148
999998296 1 1 147
999998294 1 1 146
999998292 1 1 145
999998290 1 1 144
999998288 1 1 143
999998286 1 1 142
999998284 1 1 141
999998282 1 1 140
999998280 1 1 139
999998278 1 1 138
999998276 1 1 137
999998274 1 1 136
999998272 1 1 135
999998270 1 1 134
999998268 1 1 133
999998266 1 1 132
999998264 1 1 131
999998262 1 1 130
999998260 1 1 129
999998258 1 1 128
999998256 1 1 127
999998254 1 1 126
999998252 1 1 125
999998250 1 1 124
999998248 1 1 123
999998246 1 1 122
999998244 1 1 121
999998242 1 1 120
999998240 1 1 119
999998238 1 1 118
999998236 1 1 117
999998234 1 1 116
999998232 1 1 115
999998230 1 1 114
999998228 1 1 113
999998226 1 1 112
999998224 1 1 111
999998222 1 1 110
999998220 1 1 109
999998218 1 1 108
999998216 1 1 107
999998214 1 1 106
999998212 1 1 105
999998210 1 1 104
999998208 1 1 103
999998206 1 1 102
999998204 1 1 101
999998202 1 1 100
999998200 1 1 99
999998198 1 1 98
999998196 1 1 97
999998194 1 1 96
999998192 1 1 95
999998190 1 1 94
999998188 1 1 93
999998186 1 1 92
999998184 1 1 91
999998182 1 1 90
999998180 1 1 89
999998178 1 1 88
999998176 1 1 87
999998174 1 1 86
999998172 1 1 85
999998170 1 1 84
999998168 1 1 83
999998166 1 1 82
999998164 1 1 81
999998162 1 1 80
999998160 1 1 79
999998158 1 1 78
999998156 1 1 77
999998154 1 1 76
999998152 1 1 75
999998150 1 1 74
999998148 1 1 73
999998146 1 1 72
999998144 1 1 71
999998142 1 1 70
999998140 1 1 69
999998138 1 1 68
999998136 1 1 67
999998134 1 1 66
999998132 1 1 65
999998130 1 1 64
999998128 1 1 63
999998126 1 1 62
999998124 1 1 61
999998122 1 1 60
999998120 1 1 59
999998118 1 1 58
999998116 1 1 57
999998114 1 1 56
999998112 1 1 55
999998110 1 1 54
999998108 1 1 53
999998106 1 1 52
999998104 1 1 51
999998102 1 1 50
999998100 1 1 49
999998098 1 1 48
999998096 1 1 47
999998094 1 1 46
999998092 1 1 45
999998090 1 1 44
999998088 1 1 43
999998086 1 23 967
999998084 1 8 329
999998082 1 21 845
999998080 1 13 512
999998078 1 23 887
999998076 1 9 340
999998074 1 1 37
999998072 1 4 145
999998070 1 17 604
999998068 1 6 209
999998066 1 25 854
999998064 1 2 67
999998062 1 22 723
999998060 1 4 129
999998058 1 29 918
999998056 1 25 777
999998054 1 21 641
999998052 1 33 989
999998050 1 23 677
999998048 1 12 347
999998046 1 29 824
999998044 1 27 754
999998042 1 31 851
999998040 1 37 998
999998038 1 2 53
999998036 1 24 625
999998034 1 37 947
999998032 1 37 931
999998030 1 39 965
999998028 1 3 73
999998026 1 31 742
999998024 1 20 471
999998022 1 17 394
999998020 1 43 981
999998018 1 13 292
999998016 1 42 929
999998014 1 14 305
999998012 1 13 279
999998010 1 41 867
999998008 1 25 521
999998006 1 24 493
999998004 1 4 81
999998002 1 29 579
