128 127
2 1 57
3 2 35
4 1 104
5 3 36
6 1 93
7 5 57
8 6 23
9 2 11
10 2 78
11 6 6
12 4 127
13 1 103
14 5 73
15 7 14
16 8 97
17 4 93
18 5 80
19 14 111
20 16 1
21 10 58
22 20 68
23 6 3
24 12 74
25 2 11
26 16 4
27 20 79
28 21 27
29 26 3
30 8 120
31 18 64
32 13 63
33 22 3
34 33 48
35 13 124
36 32 71
37 16 81
38 9 37
39 14 89
40 4 39
41 34 70
42 40 124
43 9 40
44 17 8
45 19 88
46 10 24
47 29 80
48 41 93
49 25 12
50 41 45
51 13 14
52 38 61
53 40 119
54 46 128
55 30 116
56 25 9
57 31 58
58 36 33
59 11 41
60 31 125
61 58 112
62 6 2
63 28 56
64 32 113
65 14 121
66 24 26
67 18 44
68 20 74
69 3 111
70 34 41
71 49 17
72 5 125
73 65 113
74 20 128
75 33 3
76 74 64
77 15 70
78 7 126
79 12 1
80 38 88
81 62 98
82 73 125
83 43 79
84 56 109
85 69 1
86 81 87
87 33 14
88 73 73
89 75 48
90 62 23
91 26 61
92 26 115
93 39 46
94 88 103
95 43 77
96 70 71
97 12 84
98 39 75
99 97 42
100 39 102
101 92 19
102 36 10
103 102 85
104 59 100
105 85 97
106 22 119
107 80 61
108 68 97
109 7 20
110 91 40
111 97 97
112 28 38
113 109 65
114 45 76
115 114 87
116 5 71
117 107 96
118 93 25
119 7 20
120 8 32
121 47 51
122 32 35
123 7 118
124 106 37
125 106 93
126 84 90
127 74 109
128 55 104
121
109
74
15
76
78
77
93
32
49
59
68
97
40
66
100
110
41
37
26
12
115
38
7
5
39
33
83
35
27
106
4
19
3
65
6
95
92
120
123
72
11
86
111
114
45
31
56
25
102
50
107
51
9
54
42
60
128
53
20
62
122
127
118
81
80
47
113
105
67
8
29
18
82
73
23
112
48
30
91
28
96
71
94
2
46
103
101
57
22
34
10
85
126
99
75
125
63
14
124
36
69
17
98
90
89
44
58
108
52
43
104
87
21
13
119
88
79
117
24
116
70
16
55
61
64
84
