128 127
2 1 100
3 1 121
4 1 7
5 1 9
6 2 91
7 2 82
8 7 95
9 8 82
10 9 20
11 1 77
12 1 35
13 6 29
14 5 80
15 7 116
16 2 12
17 15 77
18 5 57
19 17 65
20 3 113
21 12 5
22 15 105
23 17 91
24 17 9
25 22 116
26 24 88
27 23 5
28 18 11
29 1 18
30 22 25
31 5 106
32 7 82
33 21 116
34 5 116
35 32 20
36 27 121
37 11 17
38 15 41
39 23 25
40 37 76
41 33 28
42 37 82
43 37 116
44 1 123
45 24 82
46 45 95
47 39 78
48 26 74
49 24 124
50 31 41
51 16 66
52 20 25
53 27 59
54 34 22
55 25 51
56 42 111
57 16 63
58 54 80
59 33 96
60 55 105
61 58 125
62 30 22
63 5 45
64 6 6
65 12 35
66 42 114
67 29 128
68 16 60
69 51 121
70 14 21
71 27 11
72 21 3
73 27 15
74 24 122
75 55 30
76 17 62
77 12 106
78 30 5
79 22 109
80 48 108
81 70 11
82 6 98
83 18 35
84 55 15
85 53 28
86 25 6
87 47 117
88 71 100
89 59 128
90 19 88
91 31 5
92 17 37
93 9 85
94 90 70
95 67 52
96 29 16
97 77 123
98 64 114
99 37 34
100 33 38
101 46 44
102 51 84
103 25 91
104 22 83
105 28 31
106 85 6
107 23 85
108 58 122
109 87 51
110 22 97
111 1 45
112 25 101
113 2 55
114 3 97
115 48 109
116 70 117
117 112 3
118 34 43
119 69 34
120 103 114
121 86 125
122 41 76
123 12 42
124 67 70
125 17 57
126 102 114
127 1 31
128 80 56
43
89
65
42
72
96
123
11
30
59
84
6
22
57
51
33
32
105
76
74
97
79
21
94
115
124
95
54
12
100
18
83
109
118
35
9
88
3
7
36
103
75
77
128
113
116
82
56
24
28
73
121
90
19
8
122
40
93
67
119
62
50
98
106
63
48
117
99
20
111
114
39
85
34
81
38
70
80
71
108
69
52
14
64
17
44
104
23
66
10
13
45
68
120
61
49
16
92
27
101
87
53
2
110
5
26
126
46
112
41
127
102
55
31
125
60
91
47
107
86
15
25
58
78
29
4
37
