128 127
2 1 113
3 2 96
4 3 82
5 3 13
6 4 25
7 2 56
8 6 84
9 3 11
10 3 49
11 2 47
12 2 35
13 11 74
14 3 86
15 2 98
16 14 9
17 6 41
18 11 27
19 1 25
20 6 66
21 17 39
22 9 113
23 3 108
24 8 77
25 23 14
26 20 39
27 22 27
28 22 51
29 16 109
30 8 116
31 8 38
32 17 107
33 18 101
34 1 81
35 16 102
36 16 27
37 28 42
38 4 81
39 9 54
40 7 58
41 4 55
42 40 31
43 12 22
44 42 105
45 21 87
46 14 27
47 45 11
48 35 36
49 37 46
50 37 28
51 24 100
52 47 123
53 49 71
54 46 19
55 44 1
56 9 96
57 17 20
58 56 45
59 33 3
60 31 105
61 16 88
62 55 12
63 12 116
64 48 39
65 47 47
66 14 40
67 54 44
68 53 22
69 26 118
70 35 70
71 19 55
72 26 115
73 31 108
74 25 41
75 74 64
76 38 99
77 11 58
78 5 73
79 23 120
80 8 53
81 21 122
82 79 82
83 26 56
84 1 18
85 58 93
86 14 5
87 41 98
88 70 54
89 41 103
90 59 34
91 64 50
92 6 7
93 27 114
94 65 65
95 54 82
96 89 49
97 77 74
98 38 26
99 51 80
100 18 86
101 28 38
102 43 95
103 84 115
104 74 23
105 80 115
106 77 59
107 20 36
108 86 28
109 53 99
110 20 92
111 1 3
112 2 91
113 91 69
114 33 103
115 24 32
116 54 110
117 109 7
118 51 5
119 114 85
120 92 79
121 3 62
122 5 72
123 73 114
124 114 59
125 51 117
126 105 42
127 124 62
128 65 48
20
14
105
16
54
113
96
121
17
108
46
45
2
12
28
4
111
30
50
59
39
97
64
48
19
31
67
124
104
126
32
13
11
101
128
42
5
21
52
116
115
83
37
90
66
89
24
120
25
80
61
114
103
71
85
76
10
47
75
34
78
125
127
84
63
93
44
18
43
22
123
94
79
57
8
60
40
3
91
117
69
41
100
38
95
119
98
112
68
118
9
62
65
26
109
6
58
23
99
82
122
55
70
102
77
7
92
15
86
81
88
74
107
56
33
49
53
36
51
87
35
73
72
29
106
27
110
