128 127
2 1 2
3 1 59
4 3 26
5 4 111
6 3 84
7 5 39
8 2 48
9 4 70
10 1 112
11 2 94
12 7 16
13 7 47
14 2 22
15 10 103
16 4 50
17 3 128
18 10 109
19 16 51
20 14 20
21 9 61
22 14 56
23 21 96
24 15 93
25 21 99
26 7 67
27 14 120
28 11 58
29 4 92
30 11 16
31 13 69
32 31 107
33 11 122
34 17 53
35 21 95
36 5 112
37 14 30
38 30 108
39 4 61
40 17 39
41 23 106
42 10 28
43 22 39
44 32 28
45 33 66
46 26 42
47 31 114
48 14 37
49 25 20
50 35 126
51 43 2
52 25 55
53 35 101
54 8 4
55 43 8
56 37 84
57 55 102
58 9 122
59 42 75
60 33 30
61 41 32
62 7 17
63 60 107
64 29 115
65 64 72
66 42 127
67 7 97
68 21 90
69 17 63
70 39 53
71 67 68
72 29 59
73 60 24
74 48 11
75 24 96
76 69 93
77 62 46
78 27 30
79 40 48
80 12 57
81 10 93
82 51 124
83 31 93
84 34 33
85 10 108
86 27 35
87 4 110
88 78 107
89 59 20
90 49 94
91 58 49
92 2 2
93 30 14
94 62 4
95 40 111
96 62 22
97 78 52
98 27 54
99 83 9
100 55 26
101 60 90
102 16 70
103 30 56
104 23 37
105 37 49
106 65 80
107 74 45
108 72 11
109 102 86
110 67 36
111 104 42
112 50 83
113 99 121
114 62 16
115 27 110
116 61 86
117 10 37
118 58 117
119 32 9
120 81 51
121 110 115
122 77 45
123 50 93
124 99 73
125 1 39
126 94 119
127 53 90
128 42 29
3
48
29
120
87
41
49
16
113
119
36
10
22
67
23
55
26
58
122
14
57
21
105
74
109
126
43
89
33
75
68
65
20
81
28
59
56
54
76
78
123
60
111
13
128
53
35
6
37
72
125
77
104
4
115
106
82
52
27
114
97
17
83
91
7
86
44
5
11
38
124
102
94
117
42
62
71
19
63
121
92
69
34
108
84
127
101
85
61
30
50
45
2
118
99
51
90
116
32
103
80
93
107
64
66
112
9
100
46
70
96
47
24
110
8
31
12
95
40
18
98
25
79
15
88
73
39
