128 127
2 1 18
3 1 117
4 3 105
5 1 58
6 2 98
7 4 42
8 1 35
9 1 122
10 2 117
11 7 24
12 1 44
13 12 122
14 1 67
15 6 30
16 6 56
17 5 40
18 1 50
19 7 65
20 12 100
21 15 57
22 2 84
23 12 95
24 23 87
25 20 84
26 22 113
27 17 3
28 15 107
29 26 66
30 12 60
31 22 122
32 31 125
33 17 108
34 26 120
35 6 28
36 26 51
37 14 61
38 18 43
39 11 40
40 15 18
41 9 85
42 25 40
43 9 120
44 15 92
45 18 2
46 10 64
47 33 12
48 7 80
49 22 4
50 32 28
51 36 117
52 23 58
53 45 112
54 39 92
55 18 87
56 54 116
57 17 76
58 20 112
59 7 53
60 28 43
61 38 112
62 2 48
63 8 73
64 40 90
65 36 125
66 62 95
67 19 64
68 29 59
69 12 97
70 13 38
71 41 117
72 19 68
73 43 46
74 8 61
75 6 23
76 10 127
77 58 84
78 6 62
79 67 76
80 65 114
81 17 26
82 39 19
83 68 106
84 68 30
85 26 87
86 55 92
87 44 96
88 9 80
89 18 74
90 69 41
91 4 79
92 37 25
93 16 74
94 83 11
95 9 115
96 29 121
97 58 16
98 12 119
99 6 28
100 50 67
101 40 63
102 32 19
103 27 20
104 29 126
105 45 41
106 93 28
107 3 42
108 30 48
109 33 46
110 18 95
111 1 63
112 21 4
113 51 28
114 48 115
115 75 5
116 36 116
117 57 49
118 87 37
119 50 95
120 63 31
121 51 87
122 11 76
123 88 37
124 79 13
125 72 98
126 101 14
127 29 20
128 14 76
98
46
53
31
96
120
49
40
32
106
23
63
13
99
36
74
100
73
6
118
64
89
124
14
69
127
57
122
91
108
2
125
62
116
65
47
12
78
50
26
77
80
123
48
117
56
15
59
104
67
19
27
16
94
86
18
114
92
85
38
52
126
102
68
51
71
34
20
119
3
60
75
101
97
107
95
28
82
33
58
30
45
72
24
35
43
103
109
21
121
8
112
25
55
81
5
84
111
7
76
17
4
11
22
9
42
88
87
110
41
39
54
37
93
70
10
113
83
44
61
128
29
105
115
90
79
66
