128 127
2 1 76
3 1 21
4 1 62
5 1 26
6 1 126
7 6 66
8 2 114
9 5 80
10 6 92
11 2 35
12 9 42
13 2 94
14 10 95
15 6 105
16 6 75
17 7 121
18 4 95
19 5 17
20 14 98
21 1 36
22 20 38
23 10 112
24 7 104
25 13 97
26 14 77
27 3 72
28 11 117
29 10 43
30 7 23
31 23 62
32 11 116
33 10 11
34 33 7
35 11 45
36 13 77
37 32 54
38 16 42
39 29 124
40 33 34
41 40 34
42 13 48
43 36 117
44 30 28
45 32 15
46 10 24
47 26 122
48 19 79
49 2 13
50 19 50
51 46 108
52 4 21
53 49 111
54 40 95
55 7 107
56 51 88
57 8 26
58 23 82
59 45 115
60 3 36
61 16 106
62 52 3
63 2 58
64 36 48
65 39 8
66 43 64
67 21 43
68 8 62
69 61 7
70 57 41
71 26 79
72 65 116
73 40 74
74 35 4
75 32 14
76 36 28
77 20 45
78 68 64
79 6 64
80 33 46
81 43 124
82 73 80
83 63 47
84 26 81
85 51 69
86 43 114
87 10 128
88 42 16
89 65 127
90 40 58
91 44 103
92 3 89
93 66 96
94 46 76
95 55 32
96 21 31
97 79 72
98 33 69
99 31 31
100 63 114
101 60 101
102 69 128
103 62 120
104 20 19
105 10 2
106 94 68
107 68 15
108 48 41
109 42 12
110 16 2
111 100 22
112 8 71
113 35 115
114 110 120
115 68 109
116 87 110
117 81 86
118 100 104
119 43 78
120 109 62
121 119 102
122 117 3
123 22 81
124 46 10
125 12 64
126 59 93
127 77 99
128 2 9
66
18
109
59
102
27
6
84
33
21
105
26
114
53
67
9
99
123
10
88
12
118
120
22
55
103
63
28
49
11
111
95
119
29
3
5
57
71
90
77
73
16
13
91
20
93
100
128
34
64
80
17
54
117
46
127
7
62
47
36
52
87
108
43
14
104
107
98
15
113
2
94
8
51
106
40
110
76
69
82
122
96
41
32
116
78
35
48
25
56
86
97
68
89
44
85
50
115
124
126
112
79
83
39
70
81
4
101
74
121
19
37
65
60
58
45
72
30
31
42
61
24
92
125
23
38
75
