128 127
2 1 74
3 1 94
4 2 75
5 4 115
6 3 30
7 3 47
8 1 8
9 6 122
10 1 20
11 10 88
12 10 125
13 1 78
14 5 40
15 9 36
16 1 18
17 1 94
18 2 23
19 3 33
20 9 46
21 7 36
22 5 1
23 13 2
24 17 92
25 7 85
26 18 32
27 6 59
28 3 56
29 16 50
30 24 81
31 14 98
32 28 52
33 22 92
34 23 11
35 23 91
36 33 118
37 14 66
38 17 77
39 19 124
40 3 50
41 9 123
42 17 84
43 30 8
44 17 72
45 19 104
46 32 17
47 25 114
48 14 12
49 4 114
50 24 32
51 28 115
52 20 18
53 10 27
54 33 27
55 9 19
56 55 11
57 42 56
58 31 74
59 10 52
60 13 109
61 16 73
62 21 96
63 56 99
64 14 92
65 8 81
66 7 107
67 29 55
68 44 108
69 18 14
70 43 112
71 9 25
72 33 111
73 67 35
74 58 18
75 12 17
76 44 19
77 44 22
78 38 110
79 54 100
80 41 101
81 3 1
82 47 117
83 33 8
84 75 52
85 24 65
86 18 84
87 8 88
88 73 60
89 36 74
90 12 119
91 53 96
92 18 61
93 36 97
94 62 90
95 61 61
96 6 62
97 68 60
98 85 55
99 85 46
100 86 70
101 25 2
102 49 33
103 64 71
104 27 84
105 103 38
106 69 82
107 14 27
108 4 31
109 34 68
110 81 87
111 62 125
112 46 85
113 45 81
114 72 5
115 95 62
116 55 94
117 13 26
118 101 56
119 87 122
120 21 66
121 13 2
122 118 90
123 89 85
124 17 66
125 33 80
126 22 96
127 94 111
128 78 7
4
35
51
126
25
71
9
67
49
123
94
63
3
85
111
26
73
103
95
18
64
12
99
11
58
21
89
105
75
56
40
27
91
109
7
43
19
34
116
97
16
37
128
113
48
15
20
77
110
72
57
53
45
78
54
96
125
121
60
83
122
10
44
29
114
66
36
70
55
106
62
50
117
8
24
120
65
39
38
86
61
6
68
84
104
90
22
69
108
41
100
47
17
124
82
81
42
87
59
52
74
102
30
14
107
32
93
80
115
46
13
98
118
2
92
88
33
28
79
127
5
23
101
112
119
76
31
