128 127
2 1 98
3 2 37
4 1 27
5 4 68
6 4 102
7 5 69
8 7 32
9 6 24
10 4 99
11 10 87
12 2 50
13 2 70
14 9 81
15 3 60
16 8 69
17 1 21
18 16 50
19 16 25
20 1 111
21 7 23
22 6 51
23 9 26
24 2 1
25 20 114
26 3 25
27 4 80
28 16 25
29 26 98
30 4 88
31 28 6
32 8 118
33 17 90
34 30 47
35 29 84
36 15 58
37 29 30
38 18 46
39 27 37
40 14 70
41 16 21
42 10 12
43 30 25
44 16 62
45 16 119
46 10 16
47 21 67
48 25 89
49 8 31
50 31 30
51 45 70
52 50 28
53 32 2
54 10 76
55 29 121
56 1 40
57 18 9
58 7 110
59 8 76
60 11 122
61 9 120
62 8 15
63 42 29
64 41 28
65 58 22
66 34 99
67 5 7
68 42 36
69 22 33
70 26 97
71 53 97
72 19 62
73 72 122
74 10 114
75 44 120
76 22 88
77 37 91
78 9 23
79 14 9
80 22 57
81 25 112
82 79 75
83 20 60
84 5 93
85 12 10
86 25 18
87 28 59
88 73 72
89 85 91
90 7 19
91 31 86
92 78 64
93 37 123
94 49 28
95 7 70
96 51 116
97 88 121
98 6 51
99 76 76
100 5 68
101 53 101
102 73 123
103 53 13
104 4 80
105 25 18
106 5 79
107 86 63
108 49 108
109 93 46
110 64 54
111 83 32
112 20 59
113 16 58
114 50 50
115 14 114
116 55 37
117 113 90
118 28 93
119 61 113
120 2 42
121 66 61
122 36 73
123 122 117
124 27 78
125 92 28
126 71 115
127 118 79
128 7 87
112
117
30
34
69
57
77
97
49
89
80
40
105
116
54
108
50
45
128
120
48
98
65
90
126
121
36
125
6
11
106
100
21
123
87
20
55
124
33
13
16
118
102
32
68
104
23
81
56
53
26
35
111
74
52
10
78
12
83
38
115
86
67
59
31
25
5
76
88
43
24
60
85
37
94
95
62
3
70
75
101
92
73
19
64
8
42
46
93
9
15
66
4
122
22
7
114
27
99
84
119
58
82
18
127
2
109
103
28
17
14
29
72
110
71
107
113
39
79
41
47
91
61
63
51
44
96
