128 127
2 1 26
3 1 20
4 3 65
5 4 26
6 3 99
7 2 48
8 1 60
9 1 116
10 5 65
11 6 8
12 7 107
13 11 39
14 9 34
15 11 119
16 15 10
17 8 75
18 16 51
19 10 73
20 3 123
21 3 104
22 10 76
23 2 2
24 8 4
25 21 48
26 10 5
27 14 38
28 12 99
29 5 7
30 13 49
31 27 126
32 5 103
33 14 68
34 30 42
35 9 95
36 16 99
37 12 94
38 28 58
39 21 33
40 13 56
41 8 26
42 34 18
43 22 106
44 34 4
45 31 120
46 43 11
47 3 53
48 35 60
49 39 26
50 27 33
51 23 60
52 47 108
53 24 63
54 5 71
55 40 74
56 41 113
57 42 55
58 39 121
59 17 2
60 16 66
61 3 43
62 20 79
63 5 67
64 45 41
65 21 88
66 41 101
67 42 31
68 37 44
69 31 67
70 46 7
71 57 75
72 2 112
73 58 99
74 31 31
75 28 16
76 43 95
77 41 73
78 59 11
79 39 23
80 24 122
81 12 19
82 68 9
83 25 23
84 30 30
85 57 62
86 11 109
87 64 43
88 39 101
89 13 115
90 2 108
91 71 29
92 54 33
93 38 19
94 92 101
95 37 21
96 31 92
97 49 86
98 43 54
99 56 2
100 51 79
101 47 27
102 44 70
103 82 78
104 39 102
105 20 44
106 21 5
107 29 98
108 101 65
109 100 117
110 35 69
111 95 45
112 21 18
113 8 55
114 6 84
115 22 110
116 24 41
117 112 74
118 42 62
119 12 47
120 96 10
121 19 77
122 32 77
123 45 106
124 95 73
125 121 37
126 107 118
127 16 83
128 101 128
72
40
57
118
22
27
93
114
119
88
76
116
102
2
3
79
67
48
44
100
29
96
61
105
120
18
34
91
11
36
45
8
66
81
95
49
7
73
17
126
109
71
98
43
64
32
19
85
21
110
92
87
69
112
53
20
33
54
125
77
47
12
65
55
121
84
101
78
123
74
30
41
56
62
4
111
99
122
75
24
10
97
9
124
38
15
127
6
59
80
46
90
31
117
70
50
39
107
128
68
108
94
5
16
26
28
63
51
52
58
106
115
83
103
104
35
82
60
42
37
13
113
14
89
86
25
23
