128 127
2 1 84
3 1 127
4 1 56
5 4 68
6 3 80
7 5 36
8 7 70
9 2 109
10 8 100
11 3 87
12 9 27
13 5 107
14 3 121
15 1 20
16 3 108
17 15 3
18 11 10
19 2 114
20 5 56
21 3 116
22 11 66
23 6 106
24 23 34
25 6 111
26 10 39
27 6 61
28 18 104
29 1 66
30 22 92
31 10 101
32 24 85
33 14 72
34 26 93
35 29 100
36 34 67
37 5 109
38 32 88
39 27 8
40 23 96
41 6 14
42 39 6
43 24 104
44 41 21
45 18 123
46 30 109
47 29 12
48 4 47
49 32 6
50 15 51
51 23 59
52 24 14
53 16 60
54 13 74
55 40 66
56 34 50
57 4 77
58 37 27
59 34 14
60 57 60
61 48 5
62 17 69
63 38 81
64 15 74
65 38 108
66 35 39
67 9 113
68 39 15
69 30 76
70 59 88
71 27 76
72 47 75
73 21 93
74 66 66
75 14 64
76 31 68
77 1 41
78 22 121
79 36 55
80 54 19
81 68 3
82 25 33
83 30 123
84 6 22
85 52 82
86 15 44
87 23 6
88 79 14
89 64 92
90 28 54
91 43 89
92 27 118
93 82 75
94 20 32
95 88 97
96 7 101
97 91 111
98 66 50
99 90 118
100 66 18
101 93 5
102 22 76
103 55 127
104 29 75
105 57 107
106 103 128
107 27 114
108 74 94
109 98 70
110 99 31
111 11 112
112 87 24
113 22 22
114 86 101
115 53 22
116 104 75
117 102 94
118 93 117
119 89 62
120 89 1
121 11 94
122 115 48
123 64 41
124 88 112
125 76 44
126 122 88
127 101 46
128 41 21
105
63
101
68
85
28
62
100
124
127
10
27
76
23
90
80
86
61
9
2
31
93
54
97
84
8
26
99
53
3
51
115
41
89
71
34
24
106
21
119
14
111
77
18
17
104
128
20
126
66
7
67
40
103
82
37
49
125
109
70
69
108
79
87
78
64
75
55
5
98
33
39
95
52
13
113
32
45
6
114
60
36
30
19
123
22
15
25
122
83
12
88
112
38
42
118
102
35
81
96
50
59
72
94
117
46
110
73
47
16
4
44
121
116
56
120
65
58
57
11
107
92
91
43
74
29
48
