128 127
2 1 33
3 2 32
4 3 28
5 4 18
6 4 76
7 2 72
8 4 125
9 5 63
10 8 109
11 6 83
12 9 44
13 2 83
14 10 106
15 2 70
16 4 98
17 2 95
18 9 47
19 15 121
20 18 74
21 6 3
22 2 52
23 15 45
24 2 124
25 20 86
26 18 34
27 5 68
28 14 81
29 9 79
30 10 60
31 16 67
32 14 10
33 32 49
34 30 34
35 19 53
36 20 34
37 30 41
38 35 109
39 26 121
40 26 49
41 33 119
42 2 66
43 14 16
44 14 70
45 26 118
46 14 1
47 45 99
48 23 90
49 14 59
50 28 36
51 27 68
52 4 81
53 29 5
54 43 100
55 36 39
56 11 99
57 34 43
58 39 54
59 43 13
60 45 97
61 16 49
62 38 72
63 34 6
64 34 106
65 47 82
66 19 56
67 48 30
68 43 18
69 67 120
70 54 40
71 27 70
72 57 111
73 71 101
74 29 1
75 17 21
76 71 99
77 13 54
78 68 115
79 53 3
80 61 93
81 3 23
82 9 112
83 16 79
84 18 18
85 6 73
86 48 96
87 20 116
88 30 4
89 11 23
90 74 71
91 20 91
92 5 88
93 59 59
94 8 104
95 87 83
96 40 59
97 49 95
98 56 123
99 35 78
100 2 100
101 1 25
102 10 31
103 37 123
104 24 40
105 77 45
106 52 80
107 18 93
108 87 37
109 69 13
110 28 21
111 11 108
112 9 57
113 104 31
114 11 109
115 73 79
116 114 126
117 22 32
118 98 59
119 61 117
120 105 114
121 52 34
122 100 57
123 87 127
124 62 67
125 47 58
126 56 61
127 64 54
128 52 65
29
59
89
107
42
58
60
30
43
10
116
125
40
9
23
45
6
33
11
124
69
65
75
27
35
117
38
70
114
44
57
105
5
50
95
127
17
56
121
62
81
67
85
3
54
99
118
96
84
31
37
28
123
103
97
128
52
51
109
66
21
86
14
49
82
74
88
24
25
20
68
93
80
46
113
55
122
34
41
78
111
4
18
101
72
108
73
12
26
7
100
94
79
22
48
36
32
98
2
47
115
64
110
39
92
77
90
120
126
102
112
15
19
76
8
83
53
87
119
91
61
16
106
104
63
13
71
