128 127
2 1 14
3 2 2
4 2 94
5 2 30
6 1 90
7 1 127
8 5 25
9 6 34
10 8 104
11 6 35
12 2 90
13 10 60
14 1 25
15 13 61
16 14 123
17 10 98
18 14 37
19 10 60
20 3 77
21 19 19
22 10 50
23 7 127
24 7 102
25 22 57
26 25 53
27 9 14
28 6 81
29 18 90
30 27 104
31 2 121
32 2 4
33 31 122
34 17 42
35 13 14
36 34 55
37 11 28
38 37 83
39 23 105
40 36 113
41 26 30
42 40 124
43 20 19
44 33 50
45 10 127
46 3 9
47 17 15
48 16 70
49 19 119
50 41 61
51 40 125
52 15 85
53 25 71
54 48 51
55 19 123
56 11 89
57 1 4
58 54 30
59 46 79
60 13 67
61 36 39
62 39 76
63 33 47
64 60 118
65 21 41
66 30 16
67 38 110
68 20 123
69 44 6
70 16 16
71 29 112
72 54 48
73 22 69
74 48 55
75 7 17
76 59 73
77 24 97
78 23 65
79 73 67
80 15 1
81 44 76
82 27 28
83 62 125
84 80 27
85 66 117
86 11 56
87 27 108
88 18 6
89 45 23
90 2 76
91 41 104
92 11 11
93 22 6
94 24 52
95 81 128
96 20 34
97 76 122
98 18 15
99 24 97
100 86 113
101 8 20
102 55 68
103 25 92
104 14 75
105 54 102
106 8 76
107 35 90
108 18 106
109 11 59
110 84 25
111 90 35
112 91 125
113 102 77
114 34 124
115 1 60
116 24 128
117 52 47
118 74 123
119 30 12
120 47 44
121 15 23
122 105 113
123 69 60
124 67 88
125 93 81
126 44 23
127 16 80
128 24 83
105
86
13
123
101
48
66
16
52
62
124
83
64
98
35
73
68
42
44
109
120
84
79
100
106
24
12
5
60
110
72
111
36
104
65
108
41
121
34
81
74
96
17
25
117
115
93
88
89
38
50
119
77
70
102
33
54
3
23
116
4
19
7
51
31
37
43
15
128
94
69
22
58
14
122
113
27
71
2
46
75
114
90
40
21
97
9
103
118
49
18
8
80
127
126
76
107
26
85
82
47
125
45
30
57
67
87
29
39
28
95
63
78
91
59
32
61
56
6
20
11
112
92
99
10
53
55
