128 127
2 1 102
3 1 60
4 2 78
5 4 90
6 5 59
7 5 28
8 7 63
9 5 104
10 5 18
11 8 89
12 7 80
13 8 119
14 5 102
15 7 14
16 1 40
17 6 32
18 8 3
19 16 120
20 4 94
21 9 81
22 15 113
23 5 7
24 1 66
25 16 33
26 8 94
27 25 121
28 2 108
29 3 66
30 5 94
31 9 72
32 5 71
33 27 51
34 8 118
35 17 48
36 13 32
37 33 17
38 17 122
39 31 116
40 36 90
41 8 45
42 32 127
43 34 4
44 30 122
45 28 24
46 41 83
47 13 101
48 12 66
49 34 101
50 20 126
51 9 74
52 23 85
53 42 42
54 35 17
55 51 14
56 38 62
57 41 63
58 20 30
59 48 51
60 36 69
61 2 91
62 4 13
63 49 26
64 18 18
65 10 88
66 20 115
67 43 35
68 28 103
69 33 120
70 31 68
71 44 115
72 1 7
73 21 125
74 23 93
75 26 102
76 67 109
77 19 57
78 51 33
79 76 8
80 24 80
81 73 60
82 6 6
83 1 52
84 66 13
85 83 1
86 10 53
87 49 72
88 79 3
89 5 101
90 57 126
91 19 37
92 85 104
93 16 94
94 15 2
95 8 125
96 41 128
97 3 122
98 33 98
99 23 97
100 52 38
101 81 62
102 21 18
103 66 73
104 93 110
105 80 57
106 41 20
107 77 21
108 38 116
109 41 45
110 39 16
111 37 86
112 14 19
113 109 8
114 2 87
115 87 70
116 30 39
117 61 109
118 105 7
119 43 92
120 53 30
121 33 45
122 60 66
123 34 126
124 63 29
125 80 8
126 26 117
127 88 122
128 13 89
110
25
34
115
55
29
71
21
18
23
103
123
56
85
119
46
114
24
104
2
14
22
99
38
109
70
58
8
98
47
36
117
15
6
112
67
81
16
65
108
33
86
91
59
32
63
80
54
20
124
49
26
10
83
64
40
84
5
121
94
120
13
61
11
45
125
7
118
41
53
76
82
95
57
88
62
4
97
43
27
73
127
39
50
100
96
44
12
93
102
92
89
78
69
116
111
35
28
3
31
52
30
87
51
72
75
107
48
74
66
37
101
113
90
122
17
42
106
79
19
9
68
105
60
126
77
128
