128 127
2 1 113
3 2 72
4 1 30
5 3 75
6 1 27
7 4 50
8 5 43
9 3 40
10 2 45
11 9 73
12 11 28
13 1 26
14 11 104
15 13 99
16 4 70
17 9 20
18 1 55
19 16 75
20 10 103
21 18 28
22 2 105
23 3 98
24 9 41
25 24 19
26 1 77
27 13 71
28 13 76
29 23 84
30 15 81
31 1 126
32 5 103
33 22 37
34 27 102
35 11 123
36 34 83
37 25 49
38 27 43
39 30 76
40 8 117
41 31 117
42 10 123
43 6 26
44 14 37
45 11 33
46 27 73
47 37 12
48 15 80
49 12 110
50 42 74
51 15 61
52 27 44
53 41 39
54 1 61
55 42 73
56 17 76
57 9 17
58 39 92
59 39 85
60 7 89
61 35 123
62 1 36
63 53 93
64 29 33
65 30 12
66 36 14
67 45 43
68 15 92
69 40 127
70 67 63
71 12 4
72 36 23
73 72 33
74 37 21
75 35 126
76 23 10
77 48 29
78 66 59
79 13 115
80 39 37
81 32 64
82 25 79
83 26 91
84 67 10
85 52 74
86 60 82
87 10 68
88 54 83
89 47 118
90 64 14
91 58 120
92 26 15
93 58 122
94 54 124
95 17 91
96 53 22
97 82 7
98 44 119
99 32 76
100 69 26
101 29 115
102 63 30
103 34 45
104 81 1
105 5 98
106 22 27
107 19 56
108 30 33
109 94 128
110 106 61
111 69 45
112 68 45
113 100 14
114 77 21
115 73 14
116 93 123
117 28 80
118 97 81
119 93 58
120 58 56
121 87 13
122 100 12
123 116 122
124 89 11
125 73 22
126 30 118
127 81 8
128 76 50
125
53
32
37
49
18
126
99
117
44
76
67
82
24
93
106
100
42
102
14
50
70
43
35
71
55
122
74
104
114
95
5
83
108
62
20
28
107
46
91
29
54
9
16
110
111
64
86
3
15
39
68
79
6
63
12
88
13
2
92
4
124
11
85
7
123
31
116
127
72
118
94
23
57
59
121
115
52
90
109
96
81
8
40
48
97
51
66
22
69
65
45
33
112
101
26
84
41
105
38
60
27
34
119
77
75
36
61
98
87
73
78
17
89
120
56
19
128
58
21
103
80
30
10
47
25
113
