128 127
2 1 88
3 2 94
4 2 78
5 1 35
6 5 43
7 3 7
8 7 5
9 7 39
10 3 44
11 3 79
12 10 50
13 4 113
14 7 56
15 14 15
16 6 126
17 3 93
18 4 105
19 9 114
20 16 86
21 13 1
22 16 46
23 10 75
24 22 68
25 22 83
26 9 63
27 4 51
28 22 20
29 11 45
30 16 102
31 26 120
32 11 35
33 3 51
34 32 70
35 4 115
36 23 34
37 10 46
38 14 47
39 32 71
40 12 114
41 24 108
42 3 47
43 4 90
44 33 104
45 25 34
46 45 120
47 40 21
48 2 74
49 2 123
50 13 61
51 9 99
52 50 91
53 40 121
54 11 96
55 12 65
56 18 55
57 45 92
58 19 74
59 33 40
60 11 27
61 44 14
62 59 126
63 49 23
64 3 113
65 29 7
66 31 5
67 21 57
68 10 128
69 40 86
70 29 34
71 60 50
72 16 48
73 65 101
74 54 124
75 68 34
76 42 52
77 17 17
78 64 69
79 11 61
80 33 23
81 32 74
82 80 35
83 40 20
84 75 94
85 52 99
86 38 98
87 76 118
88 71 102
89 85 35
90 32 18
91 13 81
92 37 98
93 16 35
94 53 21
95 19 35
96 53 55
97 77 98
98 76 85
99 25 106
100 59 98
101 25 36
102 77 94
103 44 66
104 83 16
105 92 52
106 51 75
107 6 25
108 87 110
109 80 58
110 91 106
111 86 82
112 55 43
113 106 32
114 37 2
115 111 92
116 59 100
117 60 41
118 46 13
119 1 117
120 70 41
121 11 6
122 62 30
123 82 2
124 35 31
125 24 64
126 73 92
127 102 56
128 86 99
121
7
18
112
80
33
114
103
34
52
86
127
109
105
69
41
58
106
123
118
27
94
16
20
128
73
89
39
107
15
54
12
68
29
42
56
120
37
90
126
92
78
77
22
43
32
110
47
4
98
61
96
82
17
24
48
67
49
95
125
85
28
51
115
124
11
117
91
3
21
116
97
122
46
63
81
108
45
57
13
88
72
9
38
2
79
74
36
99
25
104
26
8
75
111
71
44
10
5
59
84
6
65
83
93
31
70
50
35
66
101
76
23
19
100
55
62
113
53
30
40
64
119
102
14
60
87
