128 127
2 1 93
3 2 60
4 2 40
5 3 48
6 2 12
7 5 40
8 2 44
9 3 113
10 6 81
11 5 108
12 6 39
13 3 55
14 7 52
15 9 64
16 3 112
17 11 91
18 10 13
19 14 97
20 16 22
21 19 24
22 16 52
23 3 75
24 8 73
25 2 12
26 11 28
27 17 67
28 11 102
29 16 94
30 21 86
31 26 57
32 10 63
33 11 76
34 21 40
35 2 113
36 24 91
37 14 22
38 6 24
39 22 86
40 17 28
41 24 117
42 25 122
43 8 36
44 39 19
45 26 101
46 22 73
47 15 40
48 43 71
49 36 27
50 1 128
51 13 12
52 24 76
53 10 9
54 20 28
55 15 4
56 13 105
57 44 96
58 15 94
59 45 73
60 23 63
61 57 75
62 8 24
63 54 60
64 58 103
65 22 8
66 17 66
67 38 122
68 16 34
69 26 63
70 43 31
71 44 27
72 55 122
73 32 60
74 60 21
75 11 27
76 56 24
77 15 88
78 31 125
79 20 16
80 41 64
81 61 102
82 49 3
83 53 59
84 1 66
85 24 25
86 21 107
87 61 38
88 15 67
89 79 10
90 73 110
91 23 68
92 85 66
93 83 75
94 7 48
95 15 40
96 90 7
97 11 33
98 59 15
99 87 42
100 95 79
101 54 17
102 61 52
103 17 115
104 35 26
105 14 21
106 105 6
107 12 106
108 36 108
109 21 8
110 88 40
111 68 33
112 88 111
113 1 114
114 82 93
115 87 113
116 85 42
117 104 78
118 31 84
119 99 29
120 98 118
121 86 18
122 13 13
123 14 55
124 18 33
125 68 21
126 89 87
127 101 4
128 108 112
109
104
39
73
45
71
127
7
29
13
106
117
76
81
119
49
101
123
22
96
32
14
82
11
112
90
17
41
10
68
66
63
116
77
8
55
28
72
108
95
56
21
4
12
124
118
36
30
48
128
99
23
121
2
6
74
34
80
18
26
61
20
92
100
111
85
126
57
107
64
65
75
86
89
62
87
122
105
24
84
43
94
78
59
5
35
113
42
25
110
93
60
70
91
120
50
103
58
15
102
54
51
125
98
52
83
53
79
37
38
97
114
47
9
67
19
16
69
46
40
27
3
33
115
88
31
44
