128 127
2 1 17
3 1 124
4 3 2
5 3 103
6 1 114
7 4 87
8 2 53
9 7 46
10 7 80
11 2 61
12 9 28
13 1 27
14 7 50
15 6 77
16 13 71
17 16 60
18 8 116
19 9 87
20 5 14
21 15 80
22 9 15
23 9 32
24 22 72
25 21 79
26 19 54
27 26 42
28 26 71
29 22 43
30 1 48
31 29 81
32 26 105
33 29 109
34 10 29
35 10 128
36 31 21
37 36 41
38 4 119
39 19 63
40 29 101
41 35 56
42 33 61
43 16 43
44 5 65
45 40 26
46 37 15
47 29 120
48 41 125
49 36 40
50 1 17
51 17 75
52 36 104
53 45 60
54 7 52
55 39 88
56 44 105
57 9 19
58 24 122
59 43 56
60 48 56
61 4 127
62 27 31
63 10 24
64 4 32
65 53 118
66 50 88
67 44 108
68 36 19
69 36 127
70 37 119
71 36 34
72 31 113
73 3 33
74 71 116
75 34 111
76 50 105
77 61 45
78 75 15
79 12 106
80 34 128
81 11 39
82 18 35
83 13 32
84 15 111
85 42 120
86 54 118
87 6 121
88 65 51
89 4 67
90 43 15
91 7 105
92 10 70
93 77 28
94 57 87
95 6 96
96 77 50
97 49 46
98 73 53
99 61 90
100 29 88
101 27 53
102 48 31
103 22 57
104 78 70
105 80 6
106 34 21
107 64 124
108 47 75
109 78 54
110 103 7
111 37 56
112 98 2
113 20 78
114 15 66
115 52 125
116 63 90
117 40 100
118 88 77
119 50 2
120 40 72
121 113 17
122 69 30
123 51 112
124 48 75
125 27 51
126 123 60
127 67 37
128 44 53
108
104
55
76
109
71
101
107
114
103
8
34
21
45
75
95
16
49
22
37
88
113
72
106
17
110
41
18
4
120
115
91
11
92
87
61
99
62
97
50
90
79
118
126
82
127
38
51
116
58
35
119
14
25
124
44
15
5
123
53
60
63
122
24
31
43
105
73
74
57
85
121
77
67
78
59
29
3
27
111
70
98
36
13
2
81
23
100
86
47
64
30
33
42
26
117
96
32
68
9
40
46
84
48
7
10
6
66
19
112
125
102
80
52
93
12
65
83
89
69
20
39
56
28
54
94
128
