128 127
2 1 105
3 1 35
4 2 89
5 4 23
6 2 50
7 6 48
8 6 116
9 8 75
10 4 54
11 3 79
12 1 72
13 10 98
14 1 78
15 11 107
16 14 100
17 9 65
18 13 31
19 13 58
20 8 103
21 9 4
22 8 74
23 11 12
24 22 89
25 14 12
26 20 86
27 26 103
28 16 6
29 7 37
30 7 128
31 7 17
32 1 48
33 31 59
34 23 106
35 12 91
36 3 28
37 35 86
38 4 30
39 4 45
40 2 98
41 15 127
42 27 73
43 33 85
44 7 78
45 9 54
46 5 100
47 28 112
48 19 65
49 20 93
50 15 105
51 32 116
52 30 36
53 23 6
54 8 24
55 40 89
56 43 51
57 36 95
58 57 13
59 14 73
60 14 81
61 52 57
62 27 118
63 27 2
64 5 62
65 50 118
66 2 52
67 64 12
68 50 119
69 5 128
70 1 70
71 23 3
72 48 44
73 23 41
74 24 74
75 44 87
76 56 69
77 49 51
78 71 92
79 53 29
80 23 85
81 8 76
82 47 39
83 50 4
84 80 14
85 40 38
86 73 46
87 26 5
88 8 70
89 49 36
90 73 117
91 20 117
92 33 16
93 87 3
94 9 70
95 87 105
96 35 45
97 48 49
98 4 35
99 85 55
100 90 98
101 60 36
102 68 57
103 78 85
104 92 48
105 16 109
106 18 29
107 48 90
108 34 103
109 40 35
110 69 12
111 19 38
112 98 71
113 91 11
114 104 15
115 13 72
116 6 21
117 24 36
118 109 16
119 1 88
120 34 69
121 38 54
122 18 55
123 8 46
124 60 107
125 105 14
126 42 104
127 90 114
128 84 42
102
88
67
62
54
48
14
71
63
56
12
11
2
87
125
91
44
53
105
77
25
113
128
52
109
50
104
121
100
82
59
78
76
90
66
81
61
95
80
117
127
24
97
21
45
92
57
9
107
22
32
114
116
15
118
23
93
26
51
101
89
85
46
68
124
84
30
72
8
86
10
103
119
18
122
39
19
33
120
123
17
29
36
74
110
108
55
4
83
111
73
37
65
28
64
3
60
75
35
5
70
126
38
49
69
96
43
27
47
6
41
20
99
31
58
112
106
34
16
79
7
40
94
115
42
98
13
