128 127
2 1 56
3 1 28
4 1 8
5 2 88
6 3 109
7 4 1
8 5 59
9 5 45
10 5 84
11 4 26
12 10 118
13 3 116
14 2 56
15 8 70
16 4 29
17 15 56
18 11 92
19 8 29
20 13 102
21 8 91
22 4 68
23 9 59
24 1 43
25 4 106
26 16 51
27 15 67
28 17 121
29 5 50
30 14 38
31 27 115
32 17 80
33 26 91
34 32 25
35 9 126
36 22 54
37 35 71
38 13 32
39 17 31
40 7 24
41 8 77
42 15 90
43 15 82
44 19 53
45 26 56
46 28 85
47 28 46
48 36 55
49 47 47
50 37 88
51 42 51
52 50 117
53 13 39
54 8 64
55 32 125
56 25 35
57 7 7
58 36 55
59 10 126
60 40 3
61 14 103
62 6 111
63 4 20
64 33 119
65 43 39
66 21 79
67 66 115
68 61 111
69 67 77
70 58 76
71 3 24
72 49 3
73 39 90
74 65 44
75 65 53
76 28 45
77 32 96
78 19 71
79 32 99
80 63 124
81 8 124
82 6 45
83 67 100
84 14 119
85 41 80
86 12 17
87 41 43
88 15 62
89 87 115
90 42 99
91 6 16
92 13 8
93 15 112
94 19 118
95 39 39
96 50 73
97 86 92
98 5 32
99 3 53
100 29 103
101 19 33
102 40 42
103 63 74
104 19 41
105 85 10
106 6 51
107 62 121
108 23 96
109 46 113
110 107 19
111 83 35
112 12 11
113 13 121
114 27 84
115 21 37
116 24 8
117 63 51
118 99 1
119 115 94
120 6 86
121 113 12
122 117 109
123 62 8
124 91 62
125 107 42
126 29 75
127 74 50
128 70 89
14
63
45
94
44
80
43
73
83
51
108
27
20
62
104
109
2
85
55
103
72
107
30
28
52
8
39
123
75
128
33
69
31
37
88
35
13
82
97
61
93
64
112
87
9
126
127
19
57
29
17
116
47
21
124
121
70
81
49
117
71
48
56
92
68
10
98
58
122
25
59
102
15
34
65
115
105
6
36
4
24
50
32
53
89
111
78
119
74
125
23
18
26
22
3
12
67
110
66
77
46
11
113
101
7
16
5
40
120
60
96
86
38
76
54
118
42
106
100
41
95
90
91
114
84
79
99
