128 127
2 1 109
3 1 128
4 2 46
5 1 48
6 5 72
7 1 76
8 6 25
9 1 111
10 6 33
11 4 114
12 8 108
13 6 41
14 13 31
15 5 29
16 7 51
17 9 21
18 5 89
19 5 89
20 5 2
21 19 17
22 15 115
23 22 63
24 22 95
25 23 122
26 17 117
27 9 27
28 11 115
29 21 13
30 8 110
31 20 21
32 9 14
33 18 44
34 17 128
35 9 14
36 14 69
37 25 12
38 17 124
39 6 105
40 26 33
41 23 121
42 7 90
43 26 117
44 12 16
45 41 48
46 21 60
47 11 91
48 43 72
49 43 46
50 47 126
51 26 54
52 26 6
53 10 25
54 4 47
55 41 112
56 7 4
57 46 54
58 9 75
59 51 8
60 37 70
61 39 81
62 16 23
63 35 3
64 5 123
65 12 116
66 39 18
67 37 22
68 6 48
69 63 114
70 15 127
71 59 50
72 33 97
73 43 57
74 28 99
75 25 61
76 33 51
77 73 65
78 25 32
79 38 12
80 62 7
81 47 110
82 45 68
83 45 25
84 57 78
85 33 73
86 38 82
87 78 85
88 51 66
89 67 117
90 77 90
91 11 54
92 26 54
93 48 18
94 31 46
95 92 49
96 88 65
97 23 23
98 75 108
99 23 105
100 91 27
101 80 114
102 30 86
103 64 100
104 35 10
105 85 42
106 98 13
107 68 125
108 18 126
109 10 96
110 85 118
111 59 112
112 95 6
113 56 88
114 2 1
115 11 63
116 25 1
117 20 110
118 34 53
119 29 32
120 68 86
121 74 19
122 7 92
123 31 125
124 59 40
125 83 94
126 41 14
127 5 61
128 85 62
107
112
53
118
49
24
84
67
92
96
2
89
76
39
127
97
40
57
32
21
123
121
14
117
115
10
31
82
114
87
34
20
73
45
74
23
71
11
120
37
101
46
19
126
79
119
81
60
8
30
28
12
47
105
5
90
70
113
41
56
22
59
109
36
65
99
13
77
122
54
95
29
42
18
33
102
26
93
38
4
16
80
72
91
103
78
110
86
61
25
125
106
52
58
7
62
3
100
69
63
27
111
66
85
51
75
50
128
44
124
48
88
83
55
98
94
6
15
43
35
116
104
68
9
108
64
17
