128 127
2 1 92
3 2 24
4 1 97
5 4 124
6 5 40
7 3 45
8 6 128
9 5 66
10 1 10
11 9 20
12 11 75
13 5 126
14 12 93
15 7 58
16 2 3
17 16 39
18 13 67
19 5 80
20 10 20
21 16 24
22 8 96
23 4 112
24 5 40
25 13 115
26 24 103
27 2 46
28 12 77
29 2 116
30 5 58
31 11 20
32 30 49
33 14 55
34 5 69
35 34 114
36 34 113
37 12 86
38 18 12
39 4 67
40 4 10
41 22 115
42 30 55
43 32 55
44 36 34
45 11 53
46 39 120
47 24 87
48 16 16
49 10 119
50 42 98
51 43 64
52 20 20
53 26 23
54 8 83
55 9 6
56 16 13
57 8 24
58 51 38
59 57 50
60 34 29
61 42 15
62 7 41
63 61 31
64 24 21
65 33 83
66 25 85
67 53 2
68 62 34
69 15 113
70 65 119
71 9 89
72 60 37
73 28 30
74 31 95
75 57 2
76 12 105
77 29 69
78 44 99
79 15 81
80 62 62
81 72 90
82 77 64
83 37 64
84 69 85
85 9 18
86 44 101
87 85 13
88 11 45
89 36 28
90 77 56
91 17 79
92 39 2
93 4 123
94 12 43
95 28 89
96 46 51
97 9 16
98 95 52
99 11 107
100 5 48
101 40 28
102 25 111
103 81 48
104 60 27
105 25 57
106 60 29
107 63 43
108 62 89
109 35 81
110 42 112
111 12 99
112 34 4
113 34 95
114 23 12
115 2 67
116 28 90
117 46 26
118 26 105
119 53 100
120 67 5
121 43 14
122 108 123
123 3 46
124 123 52
125 35 35
126 120 45
127 95 60
128 10 5
41
10
3
115
92
70
71
31
109
121
46
103
67
89
125
21
14
11
39
100
99
68
78
73
117
98
43
127
74
93
13
56
30
53
36
32
52
61
28
97
75
81
42
33
58
22
17
24
54
102
65
107
101
34
123
113
79
66
122
85
55
64
111
5
63
27
112
105
126
86
106
116
51
4
69
62
26
25
50
76
59
16
91
12
72
20
88
104
40
108
94
15
35
60
119
114
120
96
37
38
124
84
19
23
57
95
49
110
82
45
48
29
77
18
80
9
6
8
44
128
90
7
2
87
83
47
118
