128 127
2 1 84
3 1 13
4 1 109
5 2 53
6 3 56
7 1 42
8 4 84
9 6 24
10 3 78
11 2 106
12 7 57
13 4 80
14 4 117
15 10 106
16 12 13
17 7 4
18 4 128
19 14 29
20 1 125
21 6 107
22 10 59
23 9 19
24 6 80
25 4 13
26 22 107
27 23 87
28 9 101
29 19 67
30 26 94
31 4 96
32 23 74
33 20 36
34 31 128
35 10 17
36 2 107
37 17 37
38 13 101
39 10 20
40 22 43
41 38 44
42 2 17
43 14 2
44 21 104
45 14 70
46 36 28
47 1 63
48 29 58
49 2 127
50 46 10
51 31 81
52 38 100
53 33 78
54 5 119
55 6 40
56 24 37
57 18 128
58 28 113
59 19 19
60 52 35
61 41 119
62 8 98
63 42 103
64 63 107
65 30 5
66 62 53
67 46 56
68 43 61
69 61 39
70 43 90
71 58 23
72 9 5
73 72 38
74 59 111
75 54 27
76 60 84
77 24 99
78 57 6
79 29 44
80 63 15
81 30 114
82 15 15
83 9 48
84 33 121
85 42 35
86 69 60
87 55 52
88 70 5
89 13 126
90 27 121
91 52 15
92 82 20
93 90 6
94 55 74
95 33 107
96 24 44
97 36 2
98 57 71
99 15 49
100 52 36
101 64 69
102 46 90
103 18 88
104 4 43
105 26 99
106 30 62
107 97 7
108 30 31
109 8 41
110 54 80
111 23 123
112 82 82
113 56 35
114 104 100
115 14 98
116 102 44
117 50 18
118 41 59
119 37 87
120 95 42
121 48 123
122 10 91
123 31 46
124 50 20
125 23 55
126 58 94
127 35 80
128 13 29
42
81
93
98
103
128
19
56
27
97
50
119
48
99
61
13
125
124
69
5
63
6
51
23
114
34
22
77
65
33
92
54
79
30
87
20
10
57
52
16
25
45
104
46
71
2
84
40
55
29
121
120
35
86
58
74
122
43
94
39
127
112
96
116
73
113
95
66
37
11
47
64
53
44
105
3
108
91
88
109
18
118
24
60
110
4
9
12
102
101
70
126
8
80
100
82
14
62
90
28
68
7
123
78
76
26
41
117
49
21
36
83
59
111
67
85
106
89
38
31
15
107
115
72
17
75
32
