128 127
2 1 6
3 2 66
4 1 55
5 1 100
6 1 73
7 5 123
8 3 12
9 1 113
10 8 8
11 10 82
12 9 62
13 3 48
14 10 67
15 8 11
16 13 99
17 2 10
18 16 99
19 17 123
20 4 79
21 7 115
22 21 48
23 5 63
24 23 94
25 3 24
26 1 78
27 16 117
28 6 20
29 19 101
30 24 29
31 20 49
32 12 102
33 13 28
34 9 32
35 17 33
36 30 5
37 10 55
38 22 109
39 17 56
40 2 81
41 30 19
42 12 116
43 25 116
44 20 39
45 7 50
46 22 120
47 17 20
48 9 110
49 13 29
50 40 76
51 18 122
52 33 121
53 39 80
54 46 2
55 34 12
56 9 66
57 2 86
58 25 88
59 12 53
60 34 46
61 17 87
62 13 65
63 45 73
64 61 46
65 7 81
66 64 4
67 12 19
68 27 123
69 24 8
70 26 116
71 61 79
72 55 91
73 26 28
74 17 92
75 73 29
76 16 70
77 59 126
78 30 89
79 36 70
80 39 61
81 27 83
82 10 101
83 65 32
84 53 70
85 53 30
86 60 16
87 50 96
88 8 103
89 6 44
90 88 89
91 59 62
92 40 7
93 9 72
94 62 59
95 87 91
96 18 95
97 71 52
98 92 107
99 60 33
100 72 13
101 51 50
102 92 90
103 7 17
104 7 38
105 18 94
106 64 91
107 29 14
108 30 59
109 62 113
110 73 91
111 46 113
112 79 111
113 90 25
114 90 47
115 38 12
116 25 35
117 116 70
118 37 19
119 67 28
120 3 37
121 91 65
122 76 9
123 81 126
124 88 52
125 38 125
126 24 108
127 58 73
128 34 17
27
32
42
113
60
21
99
95
120
30
36
75
123
101
104
80
126
77
51
11
48
117
82
79
9
110
115
55
47
65
103
121
87
23
43
56
14
61
114
128
116
45
22
92
109
6
91
90
46
68
62
74
66
64
33
37
17
8
76
71
81
12
50
31
20
26
85
35
86
67
18
54
78
96
118
111
122
4
108
19
25
24
10
34
39
107
83
49
93
69
106
70
94
13
5
72
58
29
59
2
125
41
89
28
52
97
15
100
63
102
98
105
112
44
16
57
53
124
88
119
127
38
73
3
84
7
40
