128 127
2 1 51
3 2 128
4 3 59
5 2 120
6 5 74
7 1 12
8 4 22
9 2 55
10 2 99
11 5 45
12 1 123
13 9 4
14 6 113
15 8 20
16 5 68
17 10 102
18 12 7
19 6 100
20 9 81
21 19 31
22 8 87
23 17 105
24 1 14
25 22 63
26 3 108
27 10 89
28 10 92
29 24 83
30 24 1
31 1 28
32 10 20
33 12 79
34 5 45
35 31 27
36 15 51
37 30 11
38 36 120
39 24 90
40 5 102
41 16 78
42 4 51
43 1 119
44 31 91
45 16 98
46 30 37
47 4 37
48 9 32
49 40 22
50 34 20
51 2 101
52 34 72
53 23 29
54 37 67
55 16 66
56 38 58
57 56 79
58 11 118
59 10 71
60 39 103
61 6 16
62 32 123
63 46 89
64 41 4
65 27 35
66 21 114
67 40 118
68 50 19
69 47 16
70 63 21
71 31 48
72 18 107
73 59 80
74 57 86
75 46 103
76 17 80
77 59 99
78 44 68
79 49 87
80 15 45
81 2 46
82 57 91
83 80 123
84 10 82
85 22 35
86 21 77
87 28 60
88 24 66
89 4 18
90 46 110
91 22 101
92 62 100
93 50 59
94 52 53
95 86 112
96 23 50
97 81 77
98 42 15
99 66 5
100 93 4
101 58 62
102 50 93
103 65 10
104 48 45
105 17 104
106 51 45
107 52 86
108 71 122
109 75 99
110 30 98
111 54 91
112 65 81
113 30 36
114 33 10
115 65 122
116 69 123
117 72 81
118 21 110
119 6 50
120 48 117
121 72 62
122 6 76
123 77 117
124 63 14
125 73 107
126 75 41
127 75 9
128 99 95
36
31
123
99
125
13
41
64
83
57
51
124
116
56
126
35
100
90
73
74
105
86
65
78
60
96
67
101
8
28
12
29
72
11
19
82
58
102
32
114
63
50
106
109
103
120
77
42
21
79
39
48
33
7
92
115
68
119
93
71
44
43
122
75
53
38
22
94
18
3
66
2
91
9
88
97
95
108
81
23
14
26
52
113
6
98
128
54
118
85
117
127
40
111
45
5
27
25
16
46
89
30
20
70
104
76
110
49
59
69
112
4
15
84
55
62
87
37
24
107
61
34
47
121
80
17
10
