128 127
2 1 92
3 1 20
4 3 85
5 4 79
6 2 89
7 3 54
8 1 52
9 4 23
10 1 41
11 3 112
12 8 102
13 4 57
14 10 26
15 11 58
16 15 84
17 7 19
18 2 79
19 11 20
20 4 59
21 18 43
22 10 70
23 8 14
24 6 58
25 12 127
26 4 14
27 6 14
28 15 117
29 6 124
30 23 70
31 12 21
32 18 45
33 25 9
34 30 19
35 20 32
36 1 77
37 17 126
38 2 19
39 31 29
40 19 55
41 28 121
42 20 55
43 26 10
44 33 109
45 25 21
46 44 64
47 3 51
48 6 73
49 27 97
50 48 60
51 18 122
52 31 5
53 11 80
54 53 100
55 6 37
56 2 119
57 6 57
58 22 18
59 19 73
60 45 48
61 10 74
62 51 60
63 49 74
64 5 60
65 5 82
66 48 121
67 59 21
68 22 110
69 21 62
70 23 85
71 38 102
72 53 66
73 34 106
74 6 122
75 30 39
76 66 94
77 56 19
78 3 39
79 43 103
80 61 83
81 80 12
82 1 46
83 28 107
84 79 96
85 47 49
86 70 116
87 67 52
88 23 106
89 49 58
90 8 70
91 12 42
92 5 97
93 63 44
94 37 73
95 37 58
96 32 48
97 7 23
98 80 72
99 55 94
100 31 63
101 26 99
102 1 62
103 15 124
104 59 10
105 6 86
106 58 6
107 56 109
108 60 80
109 31 61
110 49 94
111 45 110
112 83 125
113 63 49
114 10 74
115 75 54
116 73 5
117 39 16
118 107 46
119 109 127
120 87 100
121 85 62
122 48 27
123 58 70
124 65 44
125 72 19
126 85 38
127 110 128
128 32 26
119
125
61
100
41
17
65
54
91
12
25
53
78
34
92
116
50
30
42
114
87
112
38
85
22
2
75
5
79
117
104
120
51
59
110
66
124
113
81
49
7
84
40
115
95
4
63
127
14
93
62
80
27
71
76
82
122
68
56
99
46
29
94
10
20
97
103
45
47
102
32
9
57
60
3
83
26
128
101
11
37
88
69
8
33
35
108
23
24
72
16
109
74
107
86
48
55
6
111
90
96
105
15
70
67
64
39
98
19
21
118
106
44
58
31
36
52
77
18
13
43
28
121
89
73
123
126
