128 127
2 1 73
3 1 86
4 2 9
5 2 22
6 4 81
7 5 75
8 7 15
9 5 98
10 8 2
11 7 7
12 11 38
13 4 79
14 9 71
15 14 8
16 1 22
17 13 11
18 13 124
19 3 61
20 16 126
21 20 12
22 1 74
23 3 95
24 12 109
25 3 7
26 13 48
27 22 45
28 18 59
29 27 17
30 12 51
31 15 32
32 15 73
33 1 85
34 20 86
35 24 25
36 28 7
37 26 75
38 17 81
39 36 31
40 1 29
41 26 24
42 27 119
43 33 11
44 1 117
45 25 69
46 35 50
47 28 65
48 34 105
49 45 44
50 48 63
51 42 91
52 9 20
53 3 62
54 34 6
55 5 123
56 13 1
57 19 98
58 40 22
59 40 101
60 8 118
61 43 47
62 19 86
63 28 14
64 25 51
65 32 121
66 20 111
67 35 128
68 43 6
69 42 46
70 54 14
71 35 54
72 14 16
73 6 48
74 70 126
75 21 68
76 60 59
77 59 73
78 56 15
79 41 126
80 68 79
81 3 1
82 59 62
83 42 122
84 76 83
85 64 79
86 71 111
87 47 101
88 10 101
89 62 119
90 69 100
91 60 32
92 5 92
93 70 117
94 88 15
95 45 61
96 70 51
97 31 114
98 19 42
99 30 85
100 56 38
101 91 49
102 94 59
103 62 53
104 41 77
105 89 97
106 96 43
107 80 127
108 39 70
109 60 98
110 67 95
111 92 75
112 48 84
113 100 7
114 28 5
115 95 100
116 66 58
117 84 68
118 109 37
119 96 76
120 85 32
121 36 102
122 69 4
123 122 2
124 70 94
125 121 105
126 102 54
127 107 66
128 103 44
128
86
112
103
119
91
114
25
78
36
80
117
29
115
40
123
104
73
10
99
39
49
12
106
84
16
69
22
30
50
83
127
55
87
77
81
38
44
70
76
66
47
56
37
4
35
6
79
48
5
113
53
41
98
92
13
122
33
45
68
21
3
116
74
88
19
59
63
24
20
64
85
26
96
82
107
57
32
43
121
11
90
60
67
120
110
18
126
101
94
100
124
14
27
93
61
95
111
2
9
52
97
72
46
51
8
54
15
118
34
62
58
23
65
109
31
89
7
105
17
42
108
125
102
75
71
28
