128 127
2 1 80
3 2 90
4 1 33
5 1 41
6 5 37
7 4 14
8 6 10
9 1 10
10 3 9
11 1 70
12 5 122
13 4 96
14 3 120
15 6 69
16 11 72
17 15 59
18 16 66
19 17 4
20 18 50
21 17 112
22 6 47
23 4 110
24 12 25
25 17 125
26 4 44
27 6 96
28 26 120
29 12 125
30 15 3
31 14 53
32 13 95
33 11 105
34 33 29
35 7 58
36 25 25
37 27 96
38 22 10
39 3 115
40 14 114
41 18 23
42 41 115
43 7 116
44 21 50
45 29 128
46 1 48
47 15 81
48 7 93
49 46 124
50 47 71
51 1 126
52 37 44
53 48 108
54 26 49
55 54 24
56 52 125
57 49 99
58 29 42
59 56 101
60 2 8
61 51 102
62 4 122
63 48 28
64 54 18
65 7 100
66 27 48
67 19 28
68 37 119
69 38 66
70 35 49
71 44 48
72 38 85
73 16 23
74 26 12
75 23 115
76 35 36
77 6 67
78 65 122
79 34 108
80 70 115
81 14 44
82 5 67
83 78 51
84 57 125
85 48 117
86 2 65
87 28 124
88 29 26
89 61 104
90 33 7
91 21 71
92 38 80
93 58 80
94 17 60
95 57 24
96 31 70
97 85 124
98 46 27
99 7 23
100 46 69
101 3 76
102 89 38
103 1 20
104 43 17
105 99 52
106 75 75
107 4 111
108 8 73
109 51 106
110 76 118
111 2 79
112 29 52
113 94 78
114 24 9
115 34 53
116 52 100
117 102 88
118 116 53
119 56 52
120 72 49
121 5 25
122 4 55
123 116 47
124 21 68
125 51 104
126 113 105
127 117 43
128 83 128
109
89
102
112
71
67
30
72
128
110
81
50
49
12
42
103
29
35
97
61
117
86
69
13
27
111
113
8
85
87
38
41
9
98
79
65
122
5
58
17
36
73
28
6
91
18
76
119
66
107
104
21
48
32
57
92
101
2
96
55
53
118
80
20
54
22
59
108
63
11
25
40
88
3
125
16
34
39
100
15
74
33
94
83
26
82
78
77
64
116
127
60
99
19
47
62
31
56
68
43
120
4
10
14
105
126
106
124
95
70
123
23
90
114
52
45
44
75
115
24
7
37
51
121
84
93
46
