128 127
2 1 33
3 2 28
4 1 42
5 1 31
6 3 24
7 5 48
8 7 88
9 1 113
10 1 122
11 1 126
12 5 64
13 12 35
14 5 70
15 8 3
16 3 66
17 7 114
18 17 1
19 5 125
20 12 84
21 12 44
22 15 41
23 14 125
24 22 63
25 24 55
26 19 101
27 13 119
28 19 84
29 18 34
30 13 1
31 17 68
32 16 66
33 16 121
34 31 100
35 30 60
36 17 1
37 10 70
38 6 11
39 11 30
40 5 80
41 37 26
42 33 44
43 36 94
44 12 108
45 18 117
46 1 31
47 10 89
48 4 1
49 48 120
50 44 126
51 22 47
52 9 3
53 1 60
54 23 60
55 10 98
56 25 36
57 56 60
58 29 38
59 7 101
60 40 68
61 16 109
62 34 5
63 60 103
64 9 105
65 22 61
66 8 108
67 3 53
68 29 53
69 54 115
70 65 49
71 67 78
72 64 126
73 45 36
74 35 96
75 61 38
76 4 14
77 43 88
78 9 54
79 8 11
80 19 19
81 47 40
82 1 77
83 2 102
84 35 116
85 6 70
86 75 95
87 62 69
88 3 105
89 88 122
90 71 41
91 59 102
92 50 128
93 5 11
94 10 117
95 76 114
96 24 75
97 71 125
98 9 26
99 12 47
100 76 83
101 46 11
102 10 18
103 48 124
104 30 96
105 92 5
106 90 128
107 104 50
108 90 57
109 95 51
110 39 80
111 56 35
112 107 3
113 67 38
114 55 36
115 31 97
116 18 91
117 18 104
118 67 85
119 44 52
120 57 71
121 48 33
122 103 76
123 112 12
124 89 87
125 2 25
126 51 124
127 53 110
128 66 105
37
27
100
90
10
84
28
11
125
82
74
54
81
18
42
17
33
79
71
70
91
13
20
45
48
78
8
96
108
14
21
127
77
22
40
61
124
87
86
16
73
5
62
117
92
123
58
69
121
85
107
128
68
35
51
47
53
103
60
29
3
75
41
39
113
26
64
9
25
4
43
36
12
109
32
115
104
83
65
93
24
106
126
44
63
99
112
76
66
2
38
105
97
34
6
23
101
118
31
114
49
95
122
55
57
46
80
94
88
59
56
19
15
7
119
89
52
111
67
98
110
120
50
30
116
72
102
