128 127
2 1 124
3 1 14
4 1 75
5 3 83
6 5 127
7 3 72
8 5 82
9 3 59
10 7 123
11 9 100
12 2 32
13 2 97
14 11 77
15 5 45
16 10 53
17 11 128
18 9 103
19 16 124
20 16 96
21 15 122
22 13 13
23 22 45
24 21 122
25 12 29
26 15 76
27 2 17
28 6 25
29 3 108
30 4 64
31 11 107
32 12 44
33 29 8
34 3 79
35 21 99
36 23 100
37 36 19
38 27 107
39 9 128
40 2 98
41 2 28
42 5 21
43 9 39
44 9 37
45 21 21
46 18 49
47 1 100
48 35 79
49 1 14
50 34 23
51 21 57
52 34 73
53 13 62
54 27 68
55 30 78
56 30 120
57 22 62
58 12 66
59 15 15
60 12 26
61 37 22
62 23 74
63 52 18
64 39 121
65 8 82
66 6 99
67 33 124
68 22 108
69 15 114
70 40 75
71 54 90
72 62 4
73 8 120
74 20 16
75 52 96
76 60 64
77 26 114
78 66 128
79 37 20
80 26 97
81 73 19
82 47 119
83 40 78
84 9 64
85 28 22
86 83 79
87 84 3
88 78 53
89 43 87
90 11 72
91 52 95
92 51 128
93 69 81
94 53 7
95 78 43
96 79 113
97 30 127
98 19 39
99 89 127
100 16 73
101 26 4
102 63 68
103 12 74
104 10 114
105 60 30
106 56 114
107 97 125
108 33 26
109 2 24
110 5 28
111 6 17
112 90 56
113 22 28
114 82 52
115 93 40
116 101 75
117 78 40
118 117 62
119 103 28
120 58 79
121 52 109
122 70 14
123 54 22
124 80 50
125 71 74
126 47 123
127 95 123
128 110 17
29
52
10
89
5
122
64
71
83
27
59
74
75
65
3
16
99
50
26
117
30
36
45
88
98
62
55
118
97
94
11
91
49
87
23
127
15
101
78
114
54
66
76
40
21
19
113
85
123
108
6
77
20
68
48
34
32
60
102
111
57
104
33
38
67
46
14
28
42
37
47
7
92
39
112
90
109
106
24
93
121
56
61
115
63
103
86
53
2
72
22
31
58
79
119
9
100
25
124
69
105
126
96
13
116
18
43
84
110
35
80
82
73
12
107
95
8
44
17
41
125
81
70
128
4
120
51
