128 127
2 1 106
3 2 63
4 3 91
5 3 7
6 4 66
7 6 29
8 1 44
9 3 65
10 7 21
11 7 123
12 1 68
13 3 65
14 6 10
15 8 41
16 14 112
17 9 62
18 4 32
19 2 120
20 2 40
21 4 51
22 5 89
23 10 124
24 9 119
25 1 38
26 5 102
27 6 81
28 8 5
29 20 33
30 29 9
31 12 113
32 20 125
33 27 68
34 25 66
35 31 80
36 1 53
37 10 76
38 11 67
39 32 112
40 25 25
41 30 60
42 38 113
43 35 90
44 12 40
45 38 8
46 40 75
47 21 16
48 27 34
49 22 2
50 16 76
51 31 54
52 40 2
53 34 60
54 49 24
55 19 58
56 41 112
57 7 25
58 52 14
59 33 69
60 6 81
61 40 79
62 37 81
63 40 85
64 5 60
65 52 35
66 9 99
67 31 112
68 35 41
69 16 30
70 58 94
71 35 79
72 33 21
73 58 32
74 42 113
75 34 81
76 10 38
77 37 112
78 62 119
79 30 45
80 24 79
81 4 5
82 8 12
83 64 4
84 43 87
85 45 48
86 33 56
87 16 90
88 13 4
89 87 92
90 2 48
91 39 31
92 24 15
93 17 15
94 44 91
95 84 35
96 17 61
97 16 4
98 7 79
99 81 31
100 46 17
101 75 3
102 50 100
103 86 8
104 95 31
105 99 64
106 76 58
107 36 7
108 45 34
109 58 6
110 65 23
111 38 33
112 60 72
113 2 72
114 29 66
115 22 70
116 28 127
117 37 91
118 67 119
119 115 105
120 81 89
121 96 67
122 101 108
123 53 61
124 82 106
125 69 83
126 52 59
127 91 116
128 19 116
54
43
73
74
67
25
41
87
36
106
6
81
20
122
93
31
72
88
110
90
2
71
128
5
38
89
98
91
22
118
83
100
80
27
10
55
3
78
4
111
126
48
12
26
120
105
44
53
29
92
51
16
56
45
75
18
96
121
23
17
86
66
59
13
61
117
94
62
32
95
57
15
113
127
60
85
70
11
40
9
37
65
19
47
109
7
52
107
119
123
99
125
42
68
33
46
24
28
30
84
103
35
97
69
114
108
101
64
79
8
124
77
50
49
102
104
115
21
14
39
63
116
76
34
112
58
82
