128 127
2 1 14
3 2 86
4 3 32
5 2 50
6 4 98
7 6 79
8 6 95
9 2 119
10 8 71
11 3 55
12 9 42
13 10 10
14 11 98
15 10 14
16 12 33
17 6 30
18 1 55
19 5 46
20 16 35
21 8 70
22 4 78
23 3 78
24 8 3
25 2 76
26 21 18
27 25 66
28 2 78
29 21 13
30 16 46
31 2 40
32 28 70
33 22 97
34 26 12
35 5 62
36 28 128
37 31 119
38 19 44
39 7 87
40 17 33
41 19 69
42 16 57
43 2 96
44 33 58
45 40 55
46 25 16
47 25 58
48 18 24
49 5 84
50 19 44
51 22 112
52 31 53
53 47 36
54 48 103
55 44 90
56 25 124
57 41 93
58 32 78
59 12 57
60 25 16
61 8 65
62 15 107
63 17 10
64 22 73
65 29 21
66 4 102
67 42 84
68 27 7
69 38 56
70 47 65
71 32 100
72 26 127
73 72 5
74 55 103
75 38 117
76 57 22
77 14 6
78 27 87
79 14 71
80 51 48
81 72 36
82 23 39
83 65 11
84 69 69
85 12 34
86 45 1
87 61 53
88 52 85
89 50 61
90 60 17
91 17 82
92 77 37
93 88 128
94 81 117
95 52 38
96 61 32
97 30 40
98 7 22
99 87 50
100 36 80
101 97 28
102 28 76
103 8 22
104 16 54
105 50 34
106 44 127
107 13 8
108 87 92
109 21 96
110 49 3
111 17 104
112 87 108
113 45 94
114 27 102
115 96 8
116 99 69
117 42 126
118 58 8
119 69 64
120 56 18
121 85 122
122 62 40
123 32 35
124 75 40
125 9 77
126 66 52
127 122 44
128 39 80
49
91
97
39
105
124
37
8
34
15
122
52
118
110
88
14
48
85
9
98
57
119
32
33
56
63
87
29
69
66
108
94
5
113
75
38
59
82
3
13
10
92
55
71
16
40
79
127
126
109
42
81
61
31
78
100
19
2
128
73
30
111
41
43
93
116
84
117
86
4
123
125
74
24
112
65
67
95
96
45
26
103
46
62
99
53
121
90
83
106
6
47
27
54
11
17
104
60
21
101
44
89
64
114
76
115
22
35
102
20
7
12
77
120
51
68
107
70
72
18
23
25
28
36
58
50
80
