128 127
2 1 1
3 2 2
4 3 68
5 1 123
6 1 13
7 6 72
8 3 71
9 5 108
10 5 62
11 6 38
12 11 75
13 5 13
14 11 99
15 12 88
16 9 17
17 13 49
18 2 42
19 8 31
20 8 93
21 8 82
22 21 47
23 7 42
24 11 105
25 2 75
26 7 90
27 13 116
28 3 69
29 22 113
30 3 81
31 27 82
32 27 96
33 10 94
34 23 39
35 5 37
36 8 81
37 30 91
38 10 116
39 26 23
40 31 93
41 28 40
42 32 77
43 6 41
44 43 31
45 25 107
46 8 24
47 40 119
48 41 15
49 6 104
50 25 23
51 16 123
52 13 24
53 2 92
54 35 103
55 41 48
56 13 108
57 11 40
58 40 104
59 50 122
60 23 64
61 32 7
62 50 67
63 8 6
64 42 85
65 41 1
66 19 41
67 13 84
68 19 11
69 7 5
70 25 46
71 60 24
72 32 11
73 28 2
74 55 76
75 39 114
76 58 18
77 68 13
78 55 95
79 63 68
80 35 85
81 62 18
82 37 82
83 37 42
84 59 2
85 54 6
86 42 73
87 45 95
88 61 81
89 14 25
90 26 105
91 20 74
92 15 52
93 48 23
94 73 117
95 20 25
96 21 11
97 33 79
98 31 93
99 10 52
100 47 121
101 90 121
102 21 55
103 61 96
104 56 77
105 1 19
106 98 8
107 88 11
108 50 31
109 73 76
110 17 52
111 40 20
112 108 7
113 56 93
114 18 10
115 61 36
116 74 66
117 109 10
118 106 122
119 21 44
120 1 115
121 107 97
122 27 7
123 9 90
124 18 72
125 114 90
126 70 97
127 69 80
128 2 21
41
109
16
5
75
23
66
77
32
4
45
65
52
20
30
26
111
118
115
53
78
116
113
69
67
128
57
61
59
19
119
8
74
12
34
89
38
29
15
56
47
24
100
88
110
86
13
90
68
125
117
10
22
51
46
108
104
79
103
122
62
83
71
106
72
94
40
93
81
121
7
43
70
120
123
11
92
58
96
98
50
80
63
14
49
99
114
127
124
9
35
102
60
28
42
101
87
2
97
112
17
48
54
33
55
91
73
44
126
64
25
85
6
105
84
82
3
21
37
18
36
107
95
27
39
31
76
