128 127
2 1 29
3 2 56
4 2 104
5 3 111
6 2 123
7 3 68
8 3 116
9 4 34
10 6 76
11 6 78
12 5 30
13 7 104
14 9 61
15 8 80
16 9 87
17 15 123
18 4 23
19 10 6
20 17 61
21 9 28
22 8 54
23 2 119
24 2 38
25 10 77
26 12 81
27 6 110
28 7 59
29 5 71
30 6 96
31 30 70
32 30 26
33 17 86
34 13 73
35 28 49
36 23 111
37 33 90
38 24 2
39 4 14
40 20 95
41 30 52
42 20 7
43 31 107
44 43 123
45 35 97
46 1 119
47 36 13
48 38 19
49 14 83
50 20 45
51 27 81
52 17 128
53 49 24
54 31 73
55 10 74
56 15 123
57 21 124
58 24 109
59 35 20
60 37 88
61 40 42
62 35 63
63 11 78
64 14 40
65 22 87
66 43 112
67 66 123
68 50 14
69 30 32
70 61 88
71 26 106
72 3 33
73 44 15
74 4 13
75 38 64
76 38 70
77 14 32
78 31 95
79 78 83
80 40 43
81 40 90
82 38 77
83 19 126
84 19 52
85 60 19
86 78 80
87 32 2
88 76 82
89 44 48
90 29 41
91 10 65
92 28 96
93 66 107
94 24 64
95 16 71
96 76 54
97 90 70
98 94 28
99 48 4
100 89 37
101 54 32
102 69 84
103 30 57
104 61 43
105 10 103
106 72 102
107 80 9
108 95 106
109 73 122
110 105 114
111 9 71
112 65 105
113 74 42
114 111 17
115 108 7
116 96 58
117 61 121
118 89 118
119 42 106
120 112 62
121 55 13
122 2 109
123 2 77
124 4 61
125 79 19
126 59 49
127 121 20
128 79 61
28
97
101
91
45
112
105
114
16
41
14
96
52
26
90
119
13
67
57
87
5
107
123
88
6
75
84
12
115
25
72
69
100
89
11
93
39
59
27
118
127
64
117
73
38
24
46
125
37
19
86
48
122
58
32
116
70
110
80
42
103
4
15
54
20
66
77
8
111
82
53
95
61
109
44
65
35
78
33
34
104
121
30
99
126
128
92
102
18
60
85
71
10
50
51
124
83
7
74
43
49
22
47
106
108
94
62
55
31
3
23
17
40
9
98
36
63
113
76
56
2
79
68
120
81
29
21
