128 127
2 1 64
3 2 105
4 1 120
5 1 36
6 4 98
7 1 31
8 7 125
9 8 116
10 7 106
11 1 29
12 7 110
13 12 117
14 9 84
15 13 127
16 1 50
17 14 13
18 9 124
19 9 106
20 5 108
21 18 92
22 18 87
23 8 17
24 8 82
25 15 96
26 12 10
27 13 98
28 12 79
29 14 111
30 12 14
31 15 11
32 21 63
33 1 13
34 27 87
35 17 37
36 9 45
37 20 49
38 22 85
39 12 43
40 39 43
41 35 30
42 41 71
43 37 79
44 24 72
45 35 81
46 8 70
47 30 62
48 33 57
49 9 10
50 19 92
51 27 77
52 28 89
53 12 10
54 38 108
55 1 14
56 45 127
57 10 16
58 11 24
59 58 80
60 45 101
61 11 32
62 14 58
63 35 109
64 61 46
65 63 84
66 35 21
67 58 101
68 33 59
69 31 49
70 52 74
71 52 25
72 14 87
73 33 119
74 2 127
75 30 27
76 37 98
77 74 96
78 71 16
79 77 16
80 75 115
81 45 124
82 78 52
83 61 20
84 25 108
85 2 73
86 37 27
87 50 41
88 18 40
89 51 38
90 57 3
91 30 22
92 81 22
93 48 28
94 28 111
95 55 39
96 61 115
97 74 118
98 14 12
99 87 59
100 5 126
101 41 37
102 36 85
103 63 80
104 55 22
105 89 45
106 48 118
107 14 117
108 75 10
109 29 44
110 94 92
111 94 118
112 12 121
113 99 57
114 9 89
115 61 17
116 57 120
117 68 104
118 94 96
119 115 114
120 5 81
121 79 122
122 77 84
123 4 127
124 30 29
125 58 27
126 25 117
127 48 111
128 76 13
100
121
52
10
69
37
27
102
91
75
113
38
47
68
66
120
17
48
62
20
55
76
80
23
22
98
30
39
89
115
51
2
81
25
58
86
44
125
6
112
7
41
119
15
94
103
118
108
24
71
32
85
12
70
126
36
14
127
117
16
57
26
34
72
54
46
5
65
128
88
56
49
96
74
116
67
78
53
106
28
105
61
84
64
93
29
40
124
19
77
79
35
97
59
99
18
83
63
3
45
21
8
95
60
31
43
92
50
122
111
11
104
33
42
123
114
9
90
101
107
13
110
73
4
109
82
87
