128 127
2 1 25
3 1 27
4 3 13
5 3 24
6 4 71
7 6 54
8 7 93
9 2 57
10 7 51
11 4 84
12 10 128
13 9 4
14 12 126
15 14 125
16 9 31
17 2 106
18 12 91
19 12 88
20 9 102
21 7 8
22 7 72
23 19 24
24 8 49
25 3 30
26 4 19
27 17 25
28 21 98
29 1 61
30 19 21
31 20 23
32 2 85
33 6 109
34 28 96
35 23 35
36 11 5
37 34 15
38 7 81
39 28 28
40 26 30
41 15 40
42 31 10
43 31 112
44 31 3
45 6 66
46 39 94
47 34 46
48 46 30
49 8 113
50 38 79
51 25 4
52 17 43
53 16 58
54 10 88
55 22 108
56 11 51
57 45 14
58 46 79
59 42 43
60 48 56
61 14 48
62 54 27
63 53 18
64 48 32
65 2 35
66 20 98
67 61 114
68 58 58
69 10 128
70 31 19
71 32 91
72 18 68
73 24 70
74 69 32
75 51 69
76 53 70
77 70 96
78 21 97
79 23 90
80 25 121
81 5 28
82 63 40
83 46 86
84 31 12
85 50 37
86 16 77
87 68 37
88 39 4
89 27 66
90 26 5
91 49 76
92 43 68
93 67 124
94 85 113
95 4 23
96 33 41
97 74 32
98 96 84
99 77 34
100 55 99
101 13 81
102 52 104
103 44 85
104 28 17
105 72 42
106 44 97
107 58 20
108 70 11
109 26 89
110 106 34
111 79 74
112 102 120
113 56 128
114 19 36
115 41 45
116 21 34
117 37 72
118 42 45
119 59 92
120 47 109
121 82 14
122 39 74
123 92 41
124 100 116
125 58 82
126 82 105
127 101 85
128 15 45
112
42
61
66
75
54
118
91
74
27
47
64
22
17
46
84
36
6
41
86
58
14
123
121
50
122
124
109
96
23
24
19
105
8
53
90
111
93
26
87
15
125
49
76
77
13
30
117
71
5
101
37
43
88
16
103
80
128
2
104
92
52
59
127
63
12
60
83
11
38
107
81
106
40
78
110
72
35
33
9
85
51
70
45
29
25
28
95
97
73
67
98
116
18
55
56
39
113
31
94
34
115
44
82
65
119
21
100
10
126
7
102
3
69
68
99
79
57
120
89
62
114
108
48
32
20
4
