128 127
2 1 61
3 2 19
4 2 54
5 1 58
6 1 70
7 3 111
8 4 110
9 7 42
10 2 98
11 2 28
12 7 121
13 12 14
14 9 15
15 3 102
16 15 125
17 1 60
18 12 85
19 10 63
20 11 41
21 11 70
22 19 18
23 16 73
24 20 128
25 3 65
26 21 111
27 14 18
28 19 78
29 5 113
30 19 1
31 5 73
32 14 57
33 21 21
34 11 94
35 15 60
36 10 112
37 9 123
38 14 23
39 20 105
40 34 2
41 18 94
42 21 100
43 11 94
44 14 119
45 2 32
46 15 23
47 14 128
48 4 21
49 2 58
50 12 50
51 47 107
52 38 1
53 31 97
54 29 47
55 22 106
56 7 119
57 48 65
58 39 104
59 15 55
60 2 73
61 58 105
62 55 44
63 21 60
64 50 95
65 16 1
66 6 78
67 34 98
68 60 1
69 18 125
70 45 60
71 3 47
72 50 101
73 58 41
74 13 1
75 59 45
76 13 85
77 29 5
78 10 24
79 52 37
80 5 46
81 24 4
82 49 61
83 72 84
84 63 119
85 53 1
86 3 61
87 5 83
88 3 38
89 19 112
90 20 32
91 23 59
92 9 115
93 84 90
94 18 55
95 89 110
96 6 124
97 22 113
98 66 105
99 28 41
100 15 29
101 59 24
102 19 70
103 66 75
104 34 58
105 8 35
106 67 87
107 48 68
108 46 77
109 18 95
110 104 124
111 36 44
112 35 86
113 67 69
114 3 85
115 63 7
116 115 37
117 4 61
118 32 108
119 100 29
120 89 50
121 74 49
122 44 89
123 28 104
124 121 113
125 50 28
126 4 71
127 17 111
128 77 34
21
108
116
64
23
101
63
8
91
105
12
128
93
51
3
119
84
113
72
92
70
60
47
73
107
124
27
44
80
10
34
13
29
62
36
87
56
69
38
127
41
122
37
96
14
106
11
71
26
76
6
125
75
103
90
118
110
22
95
79
7
68
86
121
82
59
50
99
9
123
4
114
117
94
97
15
115
16
24
67
53
83
85
58
49
5
31
42
65
109
54
2
45
55
25
48
66
18
32
43
35
89
40
104
77
52
57
111
100
78
46
28
98
112
33
61
39
30
126
20
102
17
81
19
88
120
74
