128 127
2 1 43
3 1 117
4 2 42
5 3 115
6 3 68
7 1 125
8 7 27
9 6 110
10 1 5
11 1 69
12 11 46
13 5 25
14 8 6
15 11 40
16 3 50
17 5 26
18 14 38
19 18 97
20 1 82
21 3 26
22 14 2
23 18 64
24 16 32
25 9 98
26 1 21
27 14 69
28 1 115
29 14 76
30 29 6
31 8 37
32 28 45
33 13 84
34 14 82
35 12 14
36 33 86
37 5 12
38 26 36
39 9 100
40 38 84
41 3 126
42 6 19
43 2 44
44 20 19
45 1 58
46 7 81
47 35 30
48 2 37
49 10 101
50 16 27
51 23 94
52 2 38
53 42 127
54 24 9
55 20 100
56 47 108
57 55 43
58 17 75
59 31 55
60 5 31
61 24 66
62 17 17
63 9 41
64 61 103
65 25 17
66 6 51
67 15 112
68 61 67
69 51 79
70 27 1
71 31 80
72 15 62
73 24 74
74 40 56
75 51 92
76 13 51
77 49 41
78 37 116
79 65 55
80 33 96
81 64 11
82 26 85
83 47 61
84 61 40
85 49 66
86 42 86
87 4 36
88 63 19
89 22 22
90 14 32
91 62 28
92 60 79
93 51 19
94 42 63
95 53 10
96 35 62
97 48 103
98 89 54
99 75 22
100 57 125
101 39 27
102 37 116
103 67 92
104 4 120
105 37 71
106 101 56
107 16 63
108 99 44
109 48 106
110 43 100
111 27 68
112 16 36
113 10 98
114 78 113
115 60 84
116 90 43
117 94 94
118 68 10
119 107 118
120 69 1
121 94 7
122 69 23
123 31 105
124 26 112
125 9 117
126 65 126
127 53 61
128 65 70
32
10
95
16
116
5
77
120
7
30
17
2
41
82
19
101
107
75
21
54
43
14
40
111
66
87
104
72
76
128
11
37
112
29
79
89
25
88
81
52
65
27
110
119
92
45
108
31
78
61
67
124
123
56
15
26
34
47
58
62
13
12
68
42
125
94
55
105
63
57
84
60
64
50
4
93
98
71
103
36
74
35
80
90
51
91
3
6
38
44
48
115
8
85
22
83
99
109
46
121
114
53
106
20
113
33
9
49
18
118
28
126
59
69
117
39
73
97
96
127
100
24
122
102
23
70
86
