128 127
2 1 81
3 2 19
4 3 8
5 3 108
6 1 13
7 6 37
8 4 127
9 3 30
10 5 8
11 10 1
12 7 72
13 4 63
14 5 50
15 3 86
16 13 46
17 6 92
18 13 47
19 18 67
20 6 9
21 15 104
22 7 37
23 9 81
24 9 89
25 3 48
26 1 67
27 26 55
28 7 39
29 10 123
30 16 124
31 8 12
32 24 77
33 17 47
34 15 125
35 11 37
36 35 105
37 19 94
38 28 111
39 10 71
40 31 67
41 35 80
42 1 14
43 14 41
44 38 117
45 26 1
46 31 36
47 41 106
48 41 50
49 6 107
50 43 49
51 26 16
52 1 112
53 21 1
54 3 66
55 49 88
56 45 20
57 11 31
58 8 66
59 50 125
60 19 104
61 29 11
62 9 5
63 22 30
64 23 82
65 56 92
66 56 53
67 5 2
68 40 116
69 15 64
70 38 4
71 51 42
72 54 9
73 46 128
74 29 34
75 48 48
76 19 83
77 56 45
78 35 105
79 66 17
80 39 62
81 28 40
82 7 19
83 28 88
84 38 126
85 60 30
86 84 24
87 39 51
88 27 65
89 72 50
90 55 70
91 90 85
92 40 63
93 73 91
94 72 79
95 21 122
96 53 74
97 95 124
98 5 78
99 52 31
100 24 26
101 93 85
102 62 26
103 24 60
104 51 4
105 69 48
106 17 88
107 94 116
108 19 107
109 28 15
110 37 29
111 100 6
112 8 96
113 107 73
114 106 20
115 2 29
116 91 23
117 24 50
118 110 44
119 21 101
120 93 49
121 105 112
122 23 109
123 54 67
124 25 53
125 11 27
126 15 22
127 80 98
128 65 96
17
37
125
58
46
34
49
47
117
16
75
25
48
76
106
62
65
97
109
92
72
12
67
29
108
121
66
6
105
95
14
116
87
79
57
82
52
38
19
60
113
3
21
98
99
101
59
8
111
20
86
94
84
13
118
96
122
39
26
102
110
7
90
9
80
55
78
51
27
53
5
114
35
63
61
10
22
100
2
115
30
54
4
45
112
77
44
24
103
68
23
36
85
31
69
56
33
41
50
89
120
15
104
126
123
18
43
28
91
71
83
128
42
119
107
93
73
124
11
70
40
88
64
81
127
32
74
