128 127
2 1 61
3 1 79
4 1 30
5 1 54
6 2 3
7 1 70
8 5 36
9 5 83
10 3 29
11 5 92
12 4 94
13 2 60
14 7 74
15 8 35
16 3 89
17 3 118
18 7 108
19 12 79
20 4 31
21 4 14
22 3 14
23 10 49
24 22 41
25 14 102
26 3 126
27 23 88
28 15 128
29 17 93
30 6 61
31 10 13
32 3 78
33 15 87
34 8 55
35 10 46
36 34 45
37 27 38
38 19 33
39 15 77
40 32 12
41 25 34
42 9 78
43 36 13
44 30 95
45 16 35
46 36 116
47 29 6
48 1 1
49 43 105
50 40 128
51 26 107
52 36 20
53 31 80
54 20 48
55 13 16
56 32 20
57 1 20
58 17 55
59 5 122
60 1 54
61 2 84
62 54 56
63 43 2
64 32 76
65 42 69
66 32 98
67 64 77
68 10 73
69 67 65
70 60 70
71 38 62
72 2 35
73 12 23
74 38 58
75 33 41
76 45 44
77 32 16
78 1 50
79 5 41
80 56 118
81 1 9
82 60 120
83 37 102
84 41 66
85 73 71
86 63 10
87 70 100
88 61 93
89 79 66
90 76 63
91 2 117
92 26 102
93 81 2
94 24 70
95 77 8
96 8 89
97 62 60
98 9 127
99 57 111
100 43 66
101 13 124
102 8 10
103 51 4
104 5 92
105 49 70
106 53 89
107 105 100
108 44 14
109 50 69
110 30 10
111 104 119
112 49 59
113 82 71
114 3 18
115 31 96
116 46 71
117 60 45
118 71 105
119 57 77
120 94 14
121 100 78
122 59 49
123 5 57
124 10 28
125 37 46
126 41 94
127 100 41
128 40 30
122
46
25
52
41
11
9
69
123
113
27
12
44
108
42
19
48
58
106
81
125
79
57
124
92
24
43
75
10
36
56
110
8
105
86
91
38
18
114
112
98
14
34
109
16
78
126
95
87
66
101
71
51
26
13
128
68
118
89
121
55
59
47
127
54
83
82
63
65
21
29
67
15
5
99
116
22
61
70
102
62
104
20
40
6
111
73
88
64
74
30
4
90
23
100
33
94
77
45
85
97
60
49
115
50
28
76
31
120
103
32
35
37
107
17
93
72
2
3
7
84
119
96
117
53
80
39
