128 127
2 1 127
3 1 26
4 1 5
5 2 111
6 3 16
7 3 121
8 3 119
9 4 39
10 1 79
11 4 101
12 9 95
13 9 41
14 13 64
15 11 26
16 1 124
17 3 55
18 14 33
19 1 115
20 17 77
21 11 47
22 16 126
23 13 35
24 19 56
25 23 68
26 18 23
27 12 126
28 20 25
29 11 53
30 11 42
31 3 63
32 28 7
33 5 7
34 26 29
35 30 120
36 35 113
37 23 39
38 23 93
39 15 76
40 4 101
41 37 122
42 14 56
43 36 125
44 43 36
45 38 82
46 3 88
47 4 104
48 10 22
49 26 113
50 17 43
51 17 52
52 35 106
53 19 55
54 36 24
55 32 37
56 13 74
57 41 118
58 50 82
59 31 64
60 53 67
61 18 53
62 16 93
63 5 112
64 11 124
65 6 71
66 1 5
67 47 78
68 27 117
69 3 48
70 23 126
71 45 120
72 7 23
73 67 9
74 39 43
75 32 83
76 64 5
77 35 92
78 77 101
79 27 44
80 30 2
81 48 20
82 60 84
83 75 37
84 46 63
85 16 32
86 38 64
87 9 1
88 33 37
89 71 103
90 52 20
91 65 31
92 57 107
93 31 107
94 17 49
95 20 115
96 8 43
97 77 60
98 77 82
99 11 4
100 62 9
101 49 86
102 41 26
103 83 120
104 80 5
105 86 6
106 55 11
107 6 65
108 63 68
109 68 83
110 59 16
111 89 102
112 35 104
113 7 45
114 5 97
115 44 2
116 58 103
117 5 119
118 55 78
119 94 14
120 44 84
121 88 29
122 62 7
123 16 51
124 113 107
125 91 76
126 120 39
127 73 62
128 71 96
27
68
36
30
113
103
115
10
93
3
107
88
22
74
2
19
39
38
26
17
116
81
5
64
105
6
120
122
31
16
119
4
25
123
90
78
57
52
49
106
54
61
91
66
56
45
7
67
40
28
58
96
126
63
50
23
48
79
73
85
100
128
20
70
72
8
55
14
33
44
121
118
65
86
94
18
110
62
41
127
84
69
42
11
108
32
111
12
98
53
82
75
71
47
76
92
99
101
51
15
29
124
80
117
104
97
37
60
46
95
112
59
125
43
114
35
102
21
24
34
87
89
77
83
9
109
13
