128 127
2 1 112
3 2 79
4 2 4
5 1 44
6 5 70
7 4 26
8 4 106
9 1 12
10 3 128
11 10 127
12 1 65
13 8 114
14 9 42
15 7 60
16 3 90
17 4 61
18 14 96
19 6 26
20 6 103
21 8 83
22 6 116
23 11 57
24 5 89
25 7 104
26 4 119
27 14 10
28 16 10
29 1 64
30 22 42
31 11 58
32 12 114
33 5 92
34 5 11
35 14 95
36 27 83
37 10 121
38 31 46
39 31 5
40 4 60
41 3 97
42 29 70
43 19 20
44 38 105
45 25 121
46 42 23
47 4 80
48 1 25
49 21 88
50 17 118
51 50 70
52 23 50
53 28 105
54 27 8
55 10 62
56 3 104
57 44 4
58 40 49
59 2 68
60 56 39
61 4 112
62 55 98
63 60 103
64 40 95
65 1 17
66 50 110
67 40 65
68 30 29
69 4 109
70 50 13
71 7 94
72 40 23
73 23 97
74 48 73
75 61 32
76 16 113
77 75 78
78 26 38
79 18 127
80 78 71
81 57 65
82 28 117
83 1 80
84 9 5
85 41 97
86 66 6
87 61 54
88 20 55
89 35 17
90 79 110
91 38 49
92 86 43
93 54 96
94 87 81
95 86 99
96 95 111
97 28 96
98 32 18
99 47 43
100 89 43
101 94 84
102 41 87
103 9 120
104 99 127
105 82 73
106 9 7
107 40 56
108 32 44
109 58 20
110 25 111
111 51 23
112 58 113
113 42 125
114 29 63
115 9 1
116 104 2
117 106 83
118 34 105
119 10 109
120 79 110
121 76 22
122 114 113
123 13 53
124 67 106
125 56 123
126 81 60
127 56 95
128 118 32
29
77
88
27
21
116
104
48
31
102
82
106
91
123
22
81
85
87
110
16
62
79
14
30
57
75
113
120
108
34
68
7
10
33
51
54
5
98
109
92
64
59
20
84
122
41
97
36
94
74
118
111
107
101
78
38
12
8
73
117
32
56
95
42
58
11
80
17
114
35
60
4
28
119
100
23
53
39
76
44
47
103
86
96
13
2
65
115
9
127
50
93
83
26
40
46
25
125
99
15
72
128
37
55
126
45
71
61
67
63
69
3
24
66
121
70
18
49
89
124
6
90
43
105
112
52
19
