128 127
2 1 123
3 2 56
4 3 116
5 1 50
6 3 118
7 5 33
8 3 22
9 6 12
10 2 13
11 8 18
12 8 101
13 12 117
14 3 80
15 8 73
16 15 31
17 11 120
18 13 86
19 13 2
20 2 3
21 15 54
22 18 103
23 8 63
24 15 106
25 5 120
26 19 75
27 21 69
28 9 51
29 21 43
30 12 22
31 23 47
32 9 48
33 9 60
34 16 118
35 13 94
36 17 36
37 33 35
38 24 52
39 26 59
40 7 90
41 5 59
42 39 81
43 8 83
44 13 68
45 7 34
46 13 4
47 23 65
48 35 33
49 24 114
50 34 39
51 4 123
52 21 17
53 3 103
54 44 104
55 1 66
56 2 41
57 29 60
58 42 16
59 23 19
60 19 75
61 15 119
62 12 17
63 43 12
64 33 69
65 46 90
66 37 11
67 26 49
68 47 48
69 62 97
70 45 66
71 9 10
72 12 33
73 59 68
74 30 56
75 2 24
76 67 20
77 50 16
78 40 23
79 43 35
80 53 119
81 64 47
82 6 25
83 79 95
84 36 27
85 18 100
86 4 29
87 59 124
88 32 12
89 45 90
90 77 20
91 60 78
92 32 74
93 87 17
94 29 24
95 22 36
96 25 26
97 89 10
98 36 9
99 54 8
100 13 27
101 57 59
102 100 27
103 42 35
104 77 32
105 88 76
106 29 97
107 65 125
108 107 90
109 20 8
110 58 58
111 20 125
112 97 121
113 104 107
114 112 72
115 36 88
116 86 54
117 100 124
118 18 6
119 8 70
120 95 66
121 5 116
122 27 80
123 11 102
124 25 67
125 124 29
126 63 41
127 9 121
128 126 98
105
42
66
93
62
116
87
12
18
49
75
65
127
16
103
43
60
111
100
77
91
85
98
123
37
10
36
72
11
106
32
112
67
59
25
44
115
78
63
94
64
31
54
122
124
57
27
23
107
56
96
102
22
121
20
119
8
114
118
41
17
55
128
4
92
82
29
3
14
69
104
71
15
30
38
97
113
88
52
79
74
109
120
51
80
50
45
9
24
117
48
13
83
76
26
90
46
68
19
2
84
108
99
40
126
39
73
6
35
28
86
58
89
125
7
70
61
53
95
110
21
33
101
81
34
47
5
