128 127
2 1 98
3 1 21
4 3 90
5 3 103
6 3 63
7 6 128
8 6 66
9 8 102
10 8 106
11 9 95
12 9 18
13 1 98
14 10 61
15 11 48
16 8 73
17 8 55
18 14 89
19 9 126
20 15 18
21 20 117
22 21 85
23 12 61
24 10 15
25 20 33
26 5 48
27 23 118
28 16 94
29 6 107
30 14 72
31 4 104
32 7 55
33 18 11
34 23 124
35 20 17
36 16 91
37 19 69
38 3 45
39 2 55
40 25 73
41 5 76
42 17 103
43 31 107
44 21 83
45 25 20
46 41 85
47 35 90
48 32 77
49 14 38
50 11 72
51 4 99
52 7 77
53 1 101
54 36 83
55 30 108
56 15 48
57 21 19
58 47 17
59 39 15
60 53 61
61 57 84
62 13 61
63 1 15
64 21 126
65 58 41
66 27 72
67 7 117
68 21 91
69 8 3
70 68 10
71 2 125
72 50 13
73 48 106
74 51 116
75 58 122
76 74 84
77 11 50
78 51 45
79 15 65
80 23 39
81 20 60
82 65 27
83 22 75
84 47 114
85 79 14
86 47 38
87 54 35
88 75 61
89 16 40
90 82 7
91 23 126
92 75 42
93 14 14
94 3 59
95 24 57
96 81 56
97 92 45
98 65 63
99 95 66
100 17 127
101 16 26
102 37 30
103 76 15
104 79 12
105 2 33
106 76 52
107 106 43
108 103 72
109 20 75
110 77 97
111 78 20
112 98 31
113 57 103
114 60 93
115 31 74
116 112 96
117 89 25
118 107 95
119 11 95
120 74 103
121 58 59
122 57 82
123 76 85
124 13 3
125 45 52
126 4 81
127 124 117
128 92 121
10
25
113
112
108
15
35
69
99
79
118
78
54
51
5
62
128
102
47
68
98
84
4
83
49
81
2
72
95
122
61
82
57
26
39
21
124
29
106
75
11
91
56
85
22
7
3
44
32
67
64
126
123
70
6
63
100
105
104
50
38
8
114
12
66
59
88
117
86
24
45
52
41
17
90
65
23
76
89
92
103
37
116
110
101
30
121
46
40
96
107
80
55
36
58
48
93
53
43
73
16
28
19
34
120
115
87
111
9
71
74
125
13
97
109
27
127
119
20
33
77
42
94
31
18
60
14
