128 127
2 1 55
3 1 127
4 2 33
5 4 127
6 2 112
7 2 3
8 2 125
9 7 94
10 8 42
11 5 48
12 5 97
13 7 100
14 1 63
15 14 73
16 11 108
17 4 41
18 7 2
19 17 74
20 5 42
21 9 51
22 7 121
23 15 118
24 13 27
25 20 30
26 5 54
27 18 28
28 26 112
29 27 116
30 16 124
31 19 84
32 4 50
33 24 39
34 2 118
35 1 121
36 3 14
37 5 7
38 13 14
39 26 105
40 31 27
41 14 30
42 15 74
43 36 105
44 21 35
45 42 123
46 37 128
47 1 4
48 10 46
49 46 42
50 12 108
51 15 42
52 7 10
53 5 88
54 36 13
55 29 46
56 39 48
57 17 32
58 4 80
59 25 10
60 13 92
61 51 64
62 37 50
63 40 36
64 1 85
65 40 93
66 45 64
67 17 110
68 27 123
69 68 87
70 6 84
71 32 20
72 58 101
73 61 3
74 34 127
75 46 62
76 17 53
77 12 38
78 5 27
79 22 48
80 7 6
81 34 121
82 19 6
83 21 52
84 60 29
85 10 32
86 10 18
87 9 50
88 84 93
89 84 11
90 11 48
91 6 30
92 27 17
93 45 67
94 29 6
95 7 29
96 78 77
97 39 15
98 91 53
99 75 64
100 27 99
101 56 21
102 3 123
103 36 3
104 99 48
105 10 53
106 53 83
107 69 22
108 106 48
109 54 27
110 79 89
111 44 44
112 61 74
113 7 52
114 99 126
115 81 73
116 78 40
117 99 59
118 104 14
119 84 78
120 115 123
121 46 53
122 37 84
123 117 7
124 4 106
125 122 20
126 7 75
127 30 128
128 85 82
70
54
90
52
80
92
38
39
105
57
26
44
10
50
43
41
91
128
22
47
46
111
23
28
75
62
76
31
124
56
17
32
97
68
106
33
101
9
112
18
127
64
125
20
34
79
5
103
96
85
63
98
53
123
24
21
72
83
99
58
95
66
94
37
61
117
93
116
108
48
35
102
13
126
78
88
49
11
6
114
42
121
119
59
29
71
27
82
19
115
4
51
122
81
45
30
14
73
74
104
113
120
12
67
7
110
69
55
2
25
8
60
3
100
84
118
109
65
86
87
15
77
89
40
107
16
36
