128 127
2 1 67
3 1 62
4 2 26
5 4 124
6 2 52
7 5 7
8 5 41
9 7 116
10 7 61
11 3 105
12 1 102
13 2 113
14 12 64
15 7 69
16 9 45
17 9 2
18 17 79
19 1 38
20 15 55
21 19 69
22 4 78
23 6 72
24 15 5
25 18 122
26 11 46
27 16 75
28 8 37
29 26 83
30 4 60
31 1 2
32 31 35
33 21 19
34 22 116
35 15 1
36 27 55
37 8 80
38 8 52
39 5 49
40 26 105
41 2 56
42 23 106
43 17 29
44 28 4
45 6 9
46 21 99
47 27 72
48 34 77
49 14 27
50 31 60
51 34 20
52 41 100
53 1 22
54 45 73
55 49 107
56 41 64
57 54 41
58 49 80
59 41 13
60 17 48
61 40 10
62 49 56
63 18 34
64 17 2
65 56 69
66 29 3
67 64 63
68 10 80
69 67 1
70 43 112
71 63 45
72 62 95
73 21 42
74 7 15
75 10 94
76 3 112
77 33 49
78 11 44
79 54 120
80 16 13
81 76 75
82 44 117
83 70 45
84 72 51
85 45 52
86 64 64
87 26 108
88 80 89
89 73 53
90 57 93
91 41 61
92 35 51
93 80 69
94 68 65
95 44 50
96 32 56
97 75 86
98 8 47
99 74 63
100 41 117
101 1 125
102 25 24
103 57 92
104 67 97
105 66 47
106 58 55
107 4 55
108 85 94
109 103 26
110 80 86
111 105 104
112 23 71
113 33 23
114 18 115
115 50 118
116 94 91
117 55 123
118 43 127
119 82 37
120 9 25
121 56 80
122 55 85
123 92 112
124 105 63
125 61 9
126 63 97
127 13 92
128 114 15
120
12
91
51
69
18
25
113
97
72
81
53
92
127
55
22
4
11
77
123
3
23
126
102
61
105
88
52
40
15
107
89
111
80
6
39
109
59
65
13
117
85
20
79
8
71
26
125
96
28
95
114
84
104
34
118
60
108
68
75
98
43
2
124
93
56
86
67
63
112
7
19
31
90
101
76
16
30
27
87
48
9
99
74
83
41
66
24
115
50
110
29
82
35
49
17
122
54
36
128
57
58
116
121
100
73
46
45
10
44
38
106
5
70
32
64
21
103
78
47
33
119
37
42
62
14
94
