128 127
2 1 22
3 2 96
4 2 33
5 2 78
6 3 94
7 1 10
8 6 105
9 7 46
10 1 76
11 3 124
12 3 18
13 8 25
14 7 97
15 6 33
16 6 44
17 9 70
18 12 127
19 18 54
20 14 113
21 17 64
22 15 28
23 19 103
24 2 43
25 14 80
26 12 7
27 6 59
28 1 58
29 11 120
30 7 118
31 7 72
32 26 24
33 23 63
34 19 57
35 1 123
36 34 67
37 19 58
38 14 101
39 20 44
40 20 2
41 24 63
42 10 84
43 38 10
44 43 2
45 24 29
46 43 56
47 5 57
48 46 100
49 47 31
50 18 25
51 36 117
52 19 54
53 33 53
54 36 10
55 30 46
56 14 85
57 5 1
58 34 91
59 48 1
60 6 61
61 32 114
62 34 15
63 12 68
64 8 43
65 61 118
66 37 75
67 10 65
68 19 56
69 34 78
70 48 68
71 59 105
72 26 63
73 67 36
74 13 66
75 50 23
76 54 17
77 31 73
78 24 24
79 8 41
80 4 112
81 39 40
82 22 124
83 10 109
84 59 22
85 52 115
86 3 112
87 27 57
88 23 69
89 21 43
90 86 89
91 70 89
92 54 73
93 86 2
94 90 32
95 93 54
96 73 99
97 59 53
98 5 9
99 5 11
100 6 67
101 63 42
102 39 86
103 8 112
104 75 36
105 55 61
106 62 24
107 37 111
108 26 20
109 93 124
110 76 103
111 13 64
112 24 110
113 41 57
114 31 58
115 46 128
116 27 5
117 42 46
118 94 120
119 9 78
120 6 9
121 91 54
122 114 10
123 28 103
124 101 20
125 4 71
126 50 110
127 2 48
128 17 62
91
81
20
121
49
28
26
97
110
117
126
70
96
61
89
16
64
98
56
72
58
73
87
51
106
94
14
18
88
93
57
109
69
6
31
44
100
80
65
118
90
92
21
40
48
59
71
66
8
63
99
60
11
33
122
116
47
3
111
124
32
10
85
115
76
101
36
86
39
84
19
68
128
113
52
13
23
5
77
105
38
55
82
37
75
78
108
17
42
27
4
107
22
15
35
67
62
50
103
83
102
114
127
123
54
112
79
24
43
120
25
119
30
12
7
95
104
41
29
125
2
53
45
46
34
74
9
