128 127
2 1 27
3 1 10
4 1 59
5 2 90
6 3 58
7 2 6
8 7 29
9 3 17
10 9 30
11 8 19
12 6 116
13 12 53
14 3 31
15 6 116
16 12 52
17 7 30
18 1 48
19 12 59
20 19 31
21 19 103
22 6 95
23 1 65
24 4 116
25 13 70
26 14 118
27 1 108
28 17 42
29 11 8
30 9 55
31 10 54
32 19 32
33 11 22
34 23 85
35 22 23
36 8 119
37 10 108
38 35 54
39 6 85
40 9 48
41 30 16
42 41 72
43 31 45
44 29 31
45 9 25
46 25 21
47 19 64
48 2 55
49 48 43
50 13 40
51 27 75
52 36 69
53 34 120
54 53 60
55 25 128
56 4 33
57 39 1
58 27 92
59 42 18
60 53 13
61 1 68
62 43 95
63 38 12
64 9 24
65 3 59
66 19 48
67 35 110
68 30 119
69 26 89
70 9 49
71 20 70
72 67 50
73 68 26
74 36 62
75 62 8
76 54 57
77 41 98
78 39 8
79 66 66
80 50 63
81 27 11
82 45 46
83 1 89
84 71 18
85 82 56
86 67 22
87 58 49
88 82 63
89 86 99
90 57 13
91 19 105
92 57 4
93 80 69
94 10 63
95 42 105
96 49 76
97 86 74
98 9 95
99 78 99
100 15 59
101 13 4
102 40 19
103 17 28
104 4 123
105 85 51
106 54 19
107 61 121
108 12 69
109 91 32
110 6 69
111 58 128
112 55 57
113 6 14
114 75 92
115 102 6
116 16 97
117 67 22
118 34 87
119 25 85
120 89 120
121 6 84
122 22 83
123 102 11
124 14 42
125 110 111
126 96 32
127 102 123
128 58 111
127
70
67
78
124
126
93
118
25
54
23
36
14
29
95
24
17
65
103
21
100
83
61
41
37
60
45
51
116
71
101
10
15
106
73
26
85
89
121
72
19
13
8
125
31
3
94
59
2
82
34
96
38
42
119
102
128
113
117
87
48
28
76
12
63
5
20
109
39
22
18
50
92
4
90
66
97
55
99
80
110
27
43
77
32
74
107
30
53
75
62
46
84
47
105
114
69
111
52
9
57
6
7
79
88
44
91
64
40
35
122
98
86
104
11
112
108
56
58
115
49
120
81
16
68
123
33
