128 127
2 1 35
3 2 103
4 2 74
5 1 110
6 5 9
7 1 119
8 7 33
9 8 36
10 1 78
11 3 1
12 3 103
13 5 121
14 4 64
15 11 27
16 11 28
17 5 51
18 2 68
19 1 29
20 3 54
21 19 92
22 17 31
23 3 83
24 23 22
25 10 40
26 19 93
27 21 74
28 9 69
29 5 7
30 13 92
31 13 108
32 30 101
33 14 83
34 28 73
35 2 40
36 1 34
37 18 20
38 20 19
39 34 57
40 18 25
41 16 12
42 24 55
43 25 91
44 35 14
45 41 48
46 15 104
47 28 98
48 31 128
49 20 53
50 5 52
51 46 11
52 31 25
53 30 25
54 25 80
55 6 119
56 30 84
57 11 28
58 18 43
59 14 94
60 51 12
61 60 40
62 29 24
63 48 124
64 15 88
65 18 1
66 17 32
67 22 21
68 56 8
69 65 96
70 9 80
71 47 22
72 46 2
73 66 93
74 54 23
75 55 61
76 2 125
77 23 116
78 42 101
79 32 30
80 55 89
81 40 97
82 37 71
83 28 56
84 22 99
85 21 73
86 4 113
87 24 54
88 81 88
89 12 32
90 76 79
91 84 114
92 5 66
93 12 37
94 80 122
95 29 8
96 10 43
97 31 25
98 81 91
99 97 87
100 77 112
101 72 79
102 69 32
103 51 128
104 32 112
105 4 44
106 16 95
107 15 84
108 10 18
109 76 68
110 10 70
111 78 93
112 96 120
113 30 111
114 66 7
115 68 47
116 7 10
117 5 73
118 52 30
119 29 120
120 34 54
121 8 88
122 49 115
123 115 67
124 34 114
125 78 67
126 56 21
127 110 55
128 80 88
95
84
73
76
44
117
17
19
15
66
121
77
74
33
32
56
72
83
102
124
85
109
71
10
96
113
62
97
27
2
8
128
112
5
9
3
43
99
22
119
89
24
125
63
51
45
40
52
29
90
70
126
108
55
65
20
11
60
81
93
105
36
69
122
88
35
110
116
59
111
18
25
104
107
54
92
100
106
78
42
79
94
114
82
57
13
98
14
47
6
48
115
64
118
87
39
49
21
75
67
61
58
7
26
86
28
30
120
16
31
101
91
103
37
127
38
53
34
12
46
80
50
41
23
4
123
68
