128 127
2 1 41
3 1 12
4 2 30
5 4 55
6 3 22
7 3 100
8 5 95
9 2 78
10 8 103
11 5 123
12 8 87
13 8 52
14 7 32
15 11 87
16 7 43
17 11 107
18 7 37
19 15 16
20 4 7
21 5 119
22 6 35
23 15 103
24 19 12
25 13 89
26 8 31
27 26 119
28 26 99
29 15 32
30 15 26
31 27 66
32 1 32
33 18 86
34 26 107
35 27 60
36 34 47
37 27 38
38 27 10
39 31 60
40 7 1
41 3 48
42 6 60
43 4 16
44 30 14
45 37 70
46 5 77
47 8 67
48 32 18
49 13 50
50 47 95
51 25 102
52 30 79
53 45 95
54 39 113
55 48 5
56 6 62
57 8 35
58 21 6
59 10 22
60 45 44
61 3 112
62 28 20
63 31 103
64 45 68
65 31 65
66 32 61
67 50 127
68 32 76
69 15 48
70 58 75
71 56 29
72 2 26
73 24 77
74 70 8
75 53 3
76 66 53
77 63 71
78 50 115
79 7 12
80 58 59
81 12 61
82 31 125
83 81 92
84 23 65
85 52 105
86 61 43
87 17 128
88 11 4
89 26 25
90 45 123
91 27 8
92 61 39
93 15 59
94 82 6
95 47 60
96 38 21
97 6 92
98 36 102
99 79 61
100 91 88
101 88 50
102 87 32
103 84 26
104 23 47
105 83 53
106 103 120
107 8 125
108 34 119
109 93 4
110 23 79
111 43 82
112 38 80
113 42 83
114 105 8
115 73 71
116 115 79
117 28 114
118 20 16
119 106 72
120 106 46
121 104 6
122 10 97
123 97 123
124 97 2
125 57 81
126 45 76
127 55 127
128 5 114
32
80
93
56
64
128
9
104
109
17
46
43
99
95
78
97
115
117
91
102
25
118
8
112
31
58
108
72
120
86
125
79
103
2
83
22
21
24
65
96
81
90
55
100
14
19
4
127
59
54
49
111
68
38
23
87
61
27
33
37
122
110
10
39
121
29
70
26
85
11
57
42
82
16
94
48
40
30
126
124
77
60
119
89
107
67
45
69
41
92
35
84
113
18
114
63
76
3
28
12
51
116
98
123
52
6
105
75
88
47
74
62
73
20
66
50
106
36
71
34
7
44
53
5
15
101
13
