128 127
2 1 27
3 2 4
4 3 94
5 2 80
6 5 31
7 5 48
8 6 91
9 5 26
10 2 104
11 10 44
12 5 66
13 3 121
14 10 47
15 4 124
16 7 29
17 10 104
18 2 55
19 2 14
20 19 124
21 10 71
22 8 50
23 12 7
24 5 62
25 3 49
26 15 98
27 22 116
28 12 96
29 1 1
30 17 79
31 29 108
32 31 114
33 31 31
34 11 25
35 1 28
36 32 32
37 16 54
38 30 47
39 20 47
40 23 17
41 22 16
42 15 34
43 26 69
44 14 17
45 35 48
46 1 109
47 14 100
48 14 66
49 15 124
50 29 111
51 36 83
52 23 47
53 11 10
54 24 57
55 16 26
56 31 108
57 9 25
58 7 68
59 43 45
60 15 86
61 29 111
62 4 124
63 9 10
64 2 10
65 19 96
66 2 56
67 44 74
68 29 12
69 53 32
70 67 94
71 18 81
72 68 87
73 3 108
74 22 38
75 18 88
76 48 112
77 60 127
78 49 117
79 48 110
80 6 13
81 10 79
82 27 82
83 57 68
84 41 16
85 33 19
86 73 39
87 4 22
88 24 66
89 26 76
90 22 83
91 50 92
92 18 104
93 40 67
94 2 21
95 10 101
96 45 3
97 45 51
98 42 86
99 40 91
100 14 58
101 93 122
102 22 64
103 59 1
104 7 80
105 25 106
106 4 7
107 48 95
108 79 61
109 67 57
110 11 74
111 62 77
112 85 11
113 68 66
114 80 60
115 88 84
116 13 55
117 116 12
118 27 41
119 7 25
120 11 76
121 91 59
122 73 112
123 10 26
124 108 119
125 113 26
126 62 81
127 34 74
128 67 5
13
21
9
69
62
99
36
77
110
74
118
105
96
78
64
17
52
26
94
60
87
25
116
16
41
22
92
63
108
33
45
106
10
127
28
29
121
67
57
6
115
120
18
109
81
46
101
31
73
39
23
65
71
114
34
27
47
7
15
24
113
61
43
2
54
80
124
93
95
56
12
123
100
84
125
117
103
104
126
112
83
49
8
50
51
97
20
30
44
128
66
88
76
48
119
122
3
11
42
5
70
82
89
107
72
79
37
35
14
40
38
85
90
68
98
53
55
102
111
75
59
19
86
58
4
32
91
