128 127
2 1 14
3 2 127
4 2 103
5 4 68
6 3 11
7 2 47
8 6 37
9 8 5
10 6 70
11 4 23
12 11 41
13 7 117
14 9 78
15 1 69
16 11 117
17 7 119
18 2 64
19 4 48
20 7 65
21 9 47
22 11 18
23 2 58
24 11 43
25 7 94
26 1 48
27 17 50
28 7 70
29 22 83
30 10 55
31 15 10
32 7 124
33 29 54
34 10 8
35 24 117
36 8 29
37 26 27
38 32 119
39 34 16
40 21 7
41 26 17
42 8 2
43 32 64
44 33 75
45 30 64
46 39 97
47 31 78
48 19 27
49 20 88
50 24 27
51 41 110
52 22 15
53 29 114
54 23 36
55 4 77
56 24 43
57 18 51
58 51 60
59 29 45
60 4 36
61 34 53
62 60 121
63 6 115
64 55 35
65 2 128
66 45 80
67 29 9
68 9 18
69 21 119
70 35 27
71 12 57
72 58 75
73 41 106
74 72 40
75 48 52
76 43 87
77 46 99
78 69 78
79 60 78
80 63 47
81 43 15
82 9 73
83 24 7
84 75 44
85 9 17
86 22 68
87 20 61
88 45 128
89 56 104
90 79 69
91 31 25
92 83 93
93 10 8
94 81 79
95 72 114
96 21 84
97 88 88
98 71 93
99 33 86
100 29 7
101 13 25
102 33 3
103 77 71
104 92 84
105 63 52
106 62 121
107 30 55
108 11 15
109 60 38
110 41 116
111 43 30
112 107 68
113 14 77
114 61 8
115 29 56
116 89 79
117 102 116
118 37 96
119 27 71
120 70 80
121 114 23
122 74 100
123 70 37
124 75 77
125 48 28
126 19 115
127 14 127
128 43 79
123
71
7
19
60
26
65
11
33
124
114
109
17
126
100
25
31
14
21
78
20
50
2
66
54
76
48
41
22
6
63
35
81
57
69
106
55
80
103
93
82
61
37
117
70
116
79
89
27
40
30
77
86
53
32
113
75
4
56
83
97
13
47
42
92
29
18
52
85
24
44
46
105
88
15
107
115
74
58
95
87
5
59
101
45
3
16
28
73
121
98
94
125
119
49
51
36
122
67
62
104
96
90
8
120
10
111
39
102
38
72
12
127
9
84
128
91
118
34
112
110
99
64
108
68
23
43
