128 127
2 1 54
3 2 103
4 3 77
5 4 66
6 2 36
7 1 8
8 1 76
9 2 121
10 4 123
11 4 121
12 10 37
13 5 81
14 9 35
15 2 65
16 4 38
17 11 49
18 15 99
19 18 3
20 13 29
21 13 13
22 20 63
23 19 38
24 2 25
25 23 125
26 4 76
27 11 17
28 6 93
29 25 118
30 29 28
31 21 67
32 15 5
33 10 94
34 10 60
35 10 107
36 10 36
37 15 27
38 4 121
39 34 67
40 10 76
41 37 66
42 34 24
43 37 125
44 16 24
45 44 56
46 20 46
47 36 64
48 1 92
49 38 32
50 24 77
51 18 81
52 7 13
53 20 103
54 20 28
55 28 75
56 4 38
57 44 33
58 26 101
59 44 126
60 32 31
61 50 99
62 37 89
63 27 33
64 37 90
65 5 11
66 38 28
67 6 92
68 19 30
69 56 19
70 29 67
71 19 47
72 54 31
73 68 53
74 72 88
75 1 70
76 25 21
77 58 15
78 77 108
79 57 45
80 33 21
81 49 65
82 63 86
83 51 100
84 30 118
85 48 57
86 19 106
87 66 48
88 52 90
89 87 98
90 65 90
91 68 116
92 10 46
93 72 115
94 20 65
95 70 44
96 71 101
97 63 119
98 31 117
99 82 34
100 79 58
101 14 124
102 49 98
103 75 2
104 28 26
105 37 24
106 55 64
107 30 87
108 6 103
109 66 23
110 45 15
111 70 6
112 106 11
113 75 49
114 98 11
115 104 101
116 52 88
117 80 118
118 63 112
119 106 99
120 18 77
121 37 111
122 102 83
123 15 19
124 36 83
125 109 24
126 44 12
127 76 25
128 95 58
52
82
114
64
11
21
81
106
20
71
75
101
44
50
68
94
63
90
98
25
99
95
30
31
104
9
48
32
113
85
125
121
18
26
102
111
29
88
43
13
51
87
91
41
96
23
123
49
105
37
6
103
33
40
7
46
89
84
93
34
60
124
112
86
39
10
62
42
92
14
110
66
15
120
78
107
128
118
127
73
117
65
119
38
3
19
100
67
47
24
53
97
59
116
70
83
79
126
80
12
35
77
16
108
76
4
115
22
69
122
57
28
55
109
36
27
72
2
45
17
54
58
8
56
74
5
61
