128 127
2 1 67
3 1 83
4 2 75
5 3 113
6 3 65
7 1 30
8 3 69
9 5 89
10 6 83
11 8 40
12 10 101
13 2 24
14 3 9
15 9 27
16 6 12
17 11 5
18 4 61
19 9 29
20 1 19
21 8 19
22 13 7
23 22 13
24 1 86
25 8 93
26 9 83
27 15 82
28 12 113
29 26 41
30 2 113
31 16 106
32 22 76
33 31 48
34 8 12
35 12 51
36 5 64
37 15 5
38 3 27
39 4 22
40 39 89
41 26 40
42 2 78
43 19 123
44 12 33
45 34 123
46 23 106
47 18 95
48 24 35
49 15 72
50 16 22
51 16 121
52 19 4
53 32 34
54 43 5
55 37 35
56 18 119
57 5 62
58 21 11
59 55 16
60 31 40
61 48 84
62 8 47
63 46 116
64 23 71
65 58 87
66 4 83
67 12 122
68 33 39
69 56 34
70 20 50
71 61 81
72 7 26
73 24 108
74 71 95
75 66 73
76 22 33
77 65 64
78 15 89
79 73 43
80 15 52
81 76 97
82 23 104
83 5 103
84 38 125
85 26 112
86 58 102
87 19 71
88 5 102
89 33 102
90 9 14
91 75 41
92 43 100
93 41 90
94 50 110
95 40 56
96 56 29
97 45 29
98 69 62
99 78 52
100 78 126
101 90 101
102 9 18
103 9 79
104 7 29
105 69 27
106 64 1
107 14 116
108 57 112
109 50 30
110 84 102
111 29 35
112 111 52
113 13 67
114 64 47
115 89 23
116 27 100
117 94 104
118 64 102
119 103 39
120 97 116
121 22 23
122 36 92
123 61 68
124 97 27
125 104 102
126 106 55
127 112 56
128 60 110
42
92
100
68
91
8
33
54
70
35
81
39
69
113
71
106
97
48
5
116
108
16
78
121
93
90
65
29
123
2
30
75
3
36
120
67
99
102
20
25
80
63
76
45
55
41
31
57
61
88
66
58
73
50
126
124
51
87
47
59
82
105
40
44
56
95
85
19
18
77
12
128
21
83
98
53
4
49
104
94
46
24
118
43
125
84
34
103
101
72
62
111
79
37
115
10
13
112
17
64
28
74
109
107
114
23
52
117
89
6
9
38
110
127
14
60
22
122
119
86
27
32
26
11
7
15
96
