128 127
2 1 96
3 2 114
4 2 24
5 2 99
6 5 81
7 4 101
8 7 72
9 4 112
10 6 81
11 10 94
12 4 72
13 6 91
14 13 21
15 7 42
16 5 65
17 9 101
18 13 38
19 6 105
20 14 105
21 9 121
22 7 28
23 15 117
24 10 33
25 11 6
26 15 83
27 13 48
28 3 111
29 25 13
30 3 31
31 3 10
32 24 27
33 15 105
34 29 66
35 22 102
36 34 58
37 27 113
38 22 104
39 32 113
40 26 31
41 22 42
42 12 81
43 35 31
44 7 96
45 29 32
46 35 16
47 43 29
48 39 62
49 34 126
50 45 52
51 50 45
52 21 37
53 1 92
54 20 69
55 9 82
56 13 32
57 29 35
58 39 111
59 30 24
60 55 76
61 39 19
62 59 10
63 46 3
64 31 83
65 38 22
66 30 9
67 37 2
68 64 53
69 24 5
70 53 102
71 32 76
72 58 19
73 29 49
74 46 46
75 50 127
76 30 108
77 65 64
78 49 84
79 43 65
80 79 11
81 60 57
82 43 71
83 62 44
84 3 29
85 41 32
86 29 54
87 34 38
88 50 1
89 22 41
90 89 72
91 76 84
92 27 109
93 57 126
94 75 34
95 40 27
96 3 67
97 7 27
98 89 31
99 51 102
100 50 14
101 47 32
102 65 14
103 41 74
104 55 1
105 82 17
106 43 35
107 78 72
108 5 40
109 83 125
110 86 18
111 59 1
112 90 93
113 65 2
114 84 58
115 99 34
116 10 52
117 115 102
118 98 98
119 38 80
120 20 112
121 107 119
122 56 17
123 54 11
124 35 115
125 20 93
126 62 60
127 65 91
128 40 85
66
104
48
127
99
95
15
92
73
34
112
50
98
107
78
102
60
90
26
49
128
40
69
42
10
46
25
35
80
41
106
68
72
121
85
36
87
7
111
32
101
64
94
37
16
79
18
125
58
83
55
100
118
82
24
67
122
3
22
123
63
114
53
89
47
119
117
38
43
88
23
120
13
28
12
54
77
4
44
45
56
70
108
11
6
109
5
29
105
84
17
21
51
20
75
97
110
86
74
116
113
9
126
2
52
76
59
71
61
30
19
81
14
57
65
39
62
93
91
103
27
8
33
96
31
124
115
