128 127
2 1 8
3 2 120
4 1 4
5 2 22
6 2 127
7 1 53
8 5 55
9 8 103
10 3 15
11 4 111
12 2 10
13 9 119
14 13 93
15 2 33
16 8 93
17 11 33
18 12 50
19 2 45
20 16 56
21 18 101
22 12 45
23 4 29
24 22 61
25 22 43
26 19 34
27 13 11
28 27 101
29 25 110
30 22 72
31 29 10
32 28 69
33 18 48
34 32 52
35 24 91
36 7 10
37 29 67
38 19 38
39 29 42
40 9 68
41 14 113
42 37 124
43 31 22
44 14 62
45 1 19
46 24 119
47 38 118
48 44 66
49 48 64
50 45 52
51 11 95
52 10 58
53 38 63
54 33 75
55 12 128
56 21 127
57 22 59
58 39 44
59 48 68
60 47 35
61 33 57
62 39 67
63 56 69
64 25 114
65 11 47
66 39 2
67 10 37
68 59 108
69 50 116
70 1 119
71 17 5
72 28 92
73 6 17
74 72 50
75 48 31
76 27 87
77 45 115
78 47 33
79 63 90
80 69 118
81 60 102
82 40 40
83 4 11
84 9 70
85 79 120
86 24 115
87 77 109
88 15 59
89 6 49
90 55 19
91 43 100
92 41 19
93 7 46
94 3 14
95 18 79
96 58 47
97 7 12
98 33 45
99 47 55
100 7 42
101 29 1
102 48 70
103 24 73
104 23 42
105 84 98
106 10 121
107 21 75
108 50 15
109 88 79
110 3 52
111 69 105
112 16 110
113 83 26
114 61 109
115 81 47
116 100 57
117 99 57
118 61 124
119 4 59
120 112 64
121 80 38
122 82 82
123 91 13
124 71 6
125 108 120
126 85 105
127 46 71
128 48 96
39
121
25
60
35
49
127
78
128
66
24
91
85
50
40
4
120
34
83
54
75
70
3
61
2
74
23
58
89
27
95
9
69
10
62
38
110
111
55
56
19
68
51
46
124
5
80
117
79
122
59
100
107
125
87
67
112
93
103
41
6
57
64
28
97
72
33
31
96
81
43
21
12
13
18
115
92
29
99
105
20
15
63
90
14
44
11
116
123
77
65
22
118
94
7
26
119
47
102
126
45
53
32
82
108
42
88
73
113
37
104
17
71
36
106
30
76
109
98
48
8
16
114
86
101
84
52
