128 127
2 1 59
3 1 77
4 2 14
5 4 96
6 1 16
7 4 34
8 5 66
9 7 65
10 9 4
11 7 97
12 5 45
13 11 79
14 4 72
15 8 123
16 4 96
17 3 124
18 14 15
19 2 88
20 11 75
21 5 12
22 19 82
23 14 58
24 6 88
25 21 35
26 23 62
27 11 64
28 26 121
29 19 124
30 13 108
31 17 114
32 14 124
33 31 119
34 11 91
35 1 124
36 14 54
37 1 25
38 1 35
39 9 28
40 22 95
41 2 84
42 24 23
43 4 77
44 30 73
45 3 96
46 26 61
47 23 23
48 24 113
49 46 10
50 5 34
51 40 51
52 13 105
53 48 83
54 5 29
55 49 116
56 53 36
57 51 86
58 33 124
59 45 77
60 13 80
61 30 31
62 45 77
63 4 97
64 17 45
65 56 127
66 44 115
67 65 26
68 18 5
69 55 97
70 35 113
71 13 101
72 42 56
73 20 53
74 31 79
75 49 39
76 25 37
77 47 1
78 24 115
79 40 97
80 69 12
81 21 94
82 35 36
83 8 78
84 34 77
85 17 20
86 27 120
87 19 128
88 42 104
89 39 30
90 28 113
91 28 44
92 83 109
93 9 93
94 33 94
95 61 102
96 16 104
97 42 106
98 74 97
99 8 112
100 38 67
101 31 38
102 34 93
103 5 120
104 20 31
105 5 77
106 32 101
107 72 43
108 89 19
109 58 45
110 43 8
111 52 87
112 72 92
113 85 2
114 92 12
115 21 51
116 26 121
117 57 59
118 88 5
119 105 84
120 100 94
121 119 88
122 67 97
123 33 45
124 3 39
125 8 44
126 98 43
127 91 86
128 88 11
30
63
123
53
59
105
72
28
56
65
86
8
34
46
50
39
100
115
27
35
57
2
26
102
69
122
51
48
116
64
23
81
12
60
117
128
126
120
61
5
98
90
94
4
95
42
88
111
91
36
75
55
44
37
78
110
119
18
29
106
79
108
24
87
107
52
9
67
49
109
43
127
31
25
38
121
113
92
77
7
66
125
11
76
68
80
85
71
47
70
10
74
103
19
33
45
13
82
6
41
16
15
40
58
93
54
124
17
14
89
101
118
22
21
32
99
73
62
96
83
3
104
20
97
84
112
114
