128 127
2 1 109
3 2 31
4 1 23
5 1 9
6 1 70
7 2 123
8 3 30
9 8 7
10 2 67
11 7 118
12 4 114
13 9 46
14 6 21
15 4 101
16 8 102
17 6 78
18 5 128
19 16 3
20 10 113
21 19 51
22 20 58
23 1 66
24 5 99
25 7 19
26 12 29
27 16 126
28 23 104
29 18 115
30 11 45
31 4 34
32 16 52
33 22 64
34 33 65
35 28 15
36 14 33
37 3 26
38 31 42
39 32 114
40 19 126
41 5 86
42 29 82
43 18 39
44 14 51
45 2 73
46 10 41
47 45 51
48 22 71
49 42 72
50 36 82
51 16 54
52 48 92
53 15 15
54 42 124
55 41 21
56 17 86
57 34 5
58 42 81
59 23 95
60 22 9
61 49 33
62 35 66
63 46 14
64 16 9
65 60 113
66 2 88
67 8 66
68 50 122
69 7 81
70 29 61
71 4 101
72 27 107
73 39 60
74 24 117
75 8 6
76 43 83
77 59 20
78 44 57
79 3 60
80 39 82
81 55 5
82 44 23
83 65 43
84 61 74
85 40 128
86 25 58
87 45 62
88 5 42
89 53 117
90 22 98
91 57 51
92 1 89
93 52 86
94 47 74
95 22 18
96 28 36
97 65 97
98 10 36
99 96 68
100 65 13
101 50 28
102 58 32
103 27 94
104 78 29
105 81 34
106 88 4
107 67 42
108 54 71
109 84 15
110 65 86
111 84 37
112 79 15
113 49 123
114 8 82
115 81 96
116 62 51
117 53 69
118 56 62
119 91 60
120 72 122
121 76 52
122 25 74
123 4 36
124 47 40
125 64 92
126 66 89
127 87 67
128 100 39
29
20
61
113
57
59
17
48
100
40
110
104
116
80
49
89
68
117
32
73
78
60
125
69
124
63
112
91
111
16
15
37
35
55
121
6
82
25
50
126
115
8
7
66
56
128
70
75
83
44
93
98
64
114
33
28
67
26
13
71
51
87
72
65
2
81
23
14
10
12
24
108
109
105
46
77
95
101
22
85
18
19
53
76
34
90
96
30
9
123
62
5
31
79
86
27
88
58
47
127
21
99
118
106
36
103
39
122
43
92
119
45
102
4
52
54
84
41
97
42
3
74
107
94
11
38
120
