128 127
2 1 111
3 1 105
4 3 102
5 4 77
6 4 56
7 4 69
8 1 1
9 2 54
10 4 119
11 5 63
12 1 54
13 3 56
14 7 118
15 14 119
16 9 3
17 5 42
18 2 93
19 3 126
20 7 106
21 7 112
22 4 109
23 14 42
24 23 102
25 16 60
26 8 5
27 18 111
28 15 4
29 10 97
30 12 83
31 11 63
32 16 37
33 26 91
34 28 89
35 7 13
36 5 97
37 13 124
38 29 65
39 35 110
40 24 118
41 14 100
42 31 73
43 23 104
44 18 128
45 23 47
46 16 104
47 12 42
48 12 119
49 16 24
50 41 117
51 31 84
52 47 90
53 38 121
54 10 95
55 17 11
56 21 1
57 50 53
58 12 70
59 23 96
60 20 48
61 6 13
62 47 110
63 10 83
64 22 45
65 21 47
66 62 13
67 27 83
68 28 6
69 46 94
70 37 57
71 55 84
72 48 85
73 21 121
74 8 2
75 33 59
76 30 118
77 61 121
78 17 66
79 45 69
80 48 65
81 45 58
82 37 99
83 50 109
84 45 25
85 76 7
86 51 83
87 25 64
88 27 31
89 32 49
90 58 37
91 60 63
92 3 102
93 82 83
94 73 77
95 70 35
96 79 77
97 9 23
98 91 25
99 43 95
100 36 23
101 21 101
102 18 35
103 65 6
104 62 10
105 96 93
106 49 33
107 51 28
108 30 61
109 101 21
110 79 54
111 87 90
112 7 106
113 108 61
114 9 24
115 6 60
116 104 81
117 39 100
118 24 31
119 76 40
120 65 37
121 7 40
122 37 109
123 105 38
124 28 32
125 65 109
126 83 82
127 109 110
128 24 4
28
87
116
7
50
126
79
89
60
20
82
27
54
73
70
41
29
119
37
115
92
2
33
81
83
40
6
103
19
94
96
38
125
8
23
22
56
127
62
117
46
36
104
113
13
84
107
67
100
122
9
32
90
86
30
63
76
65
21
15
108
18
49
57
109
101
47
80
69
75
24
51
10
74
17
99
98
44
78
35
3
48
95
43
106
4
53
128
111
61
88
55
26
31
93
110
59
25
123
91
34
52
68
58
64
45
66
97
11
105
71
124
5
14
114
112
12
39
121
118
102
42
85
16
77
72
120
