128 127
2 1 38
3 2 108
4 3 123
5 3 4
6 4 29
7 4 32
8 7 128
9 7 75
10 1 123
11 10 11
12 1 83
13 10 88
14 7 85
15 14 35
16 7 3
17 13 91
18 13 15
19 13 103
20 8 99
21 19 13
22 6 91
23 10 82
24 17 124
25 20 116
26 15 25
27 26 33
28 16 63
29 11 8
30 20 86
31 9 27
32 22 71
33 4 35
34 7 110
35 21 25
36 30 44
37 33 29
38 18 16
39 4 120
40 8 85
41 32 86
42 37 109
43 37 73
44 5 28
45 34 44
46 16 109
47 4 24
48 12 28
49 21 68
50 46 117
51 7 123
52 11 36
53 52 34
54 48 56
55 39 35
56 22 51
57 33 84
58 17 102
59 38 10
60 43 54
61 55 65
62 58 91
63 2 119
64 40 19
65 52 32
66 52 4
67 65 126
68 55 31
69 3 24
70 40 74
71 41 4
72 41 80
73 49 67
74 34 44
75 2 21
76 59 91
77 49 27
78 36 9
79 77 19
80 54 115
81 49 2
82 20 95
83 43 51
84 17 63
85 18 52
86 17 65
87 69 30
88 70 74
89 82 47
90 88 21
91 58 51
92 65 112
93 92 40
94 5 29
95 43 85
96 87 121
97 79 16
98 84 95
99 33 27
100 70 54
101 91 58
102 50 121
103 93 86
104 61 116
105 33 128
106 10 101
107 76 98
108 100 58
109 79 110
110 94 80
111 25 124
112 21 77
113 69 126
114 25 22
115 22 79
116 73 106
117 7 47
118 88 115
119 76 35
120 40 8
121 26 23
122 95 101
123 101 56
124 1 88
125 58 16
126 5 9
127 126 124
128 65 72
70
62
123
59
7
79
118
63
100
72
8
61
125
47
12
71
110
104
64
120
18
65
3
31
109
121
15
57
16
20
41
13
111
73
87
4
76
107
19
114
128
25
43
46
80
54
108
49
33
113
94
86
68
103
23
97
9
84
30
10
37
81
88
48
99
26
39
102
67
60
101
78
5
93
32
6
2
21
69
119
27
36
92
29
98
35
22
105
11
116
126
95
55
106
89
124
40
85
112
50
127
58
28
53
91
44
56
90
14
42
74
51
52
83
66
117
17
122
82
96
45
24
38
77
34
75
115
