128 127
2 1 11
3 2 123
4 3 124
5 4 86
6 2 84
7 3 17
8 5 50
9 6 105
10 5 90
11 5 116
12 2 43
13 8 68
14 6 48
15 12 34
16 2 22
17 4 110
18 7 88
19 3 127
20 13 9
21 12 92
22 18 110
23 17 52
24 20 105
25 16 6
26 23 48
27 14 94
28 4 12
29 4 65
30 3 14
31 5 12
32 22 101
33 17 123
34 3 115
35 3 68
36 29 112
37 23 27
38 6 104
39 12 16
40 37 7
41 28 103
42 39 116
43 39 12
44 35 117
45 13 118
46 11 33
47 23 57
48 18 101
49 26 67
50 20 31
51 25 24
52 24 61
53 21 97
54 23 29
55 33 67
56 49 22
57 22 78
58 56 73
59 33 120
60 49 94
61 57 33
62 15 110
63 25 23
64 26 11
65 49 84
66 4 40
67 62 109
68 4 3
69 14 91
70 10 111
71 43 51
72 54 113
73 64 82
74 18 35
75 45 43
76 49 42
77 27 6
78 6 37
79 48 77
80 47 77
81 24 19
82 30 57
83 44 20
84 33 46
85 27 125
86 19 79
87 36 19
88 7 26
89 22 25
90 4 122
91 52 118
92 88 88
93 26 57
94 52 30
95 52 22
96 15 120
97 75 35
98 36 6
99 58 98
100 16 116
101 27 74
102 52 92
103 55 25
104 67 123
105 35 65
106 47 27
107 97 31
108 48 97
109 56 91
110 90 111
111 98 36
112 37 102
113 60 85
114 50 37
115 90 103
116 97 105
117 67 102
118 15 15
119 112 113
120 82 79
121 40 72
122 117 108
123 87 22
124 72 71
125 95 73
126 95 12
127 115 83
128 72 23
115
33
44
60
93
116
112
69
18
48
119
109
38
58
50
122
34
74
62
89
10
49
22
56
72
66
91
128
54
81
24
64
37
71
5
84
83
13
52
17
40
11
104
68
36
124
125
70
6
67
55
75
31
79
61
26
51
7
108
32
117
80
42
87
94
99
92
106
20
90
82
73
65
103
41
3
96
2
25
111
39
100
47
28
88
14
78
29
110
8
123
77
23
113
63
105
15
16
46
35
102
21
9
127
19
120
86
114
95
43
121
97
98
59
12
76
30
118
85
57
53
101
45
107
126
27
4
