128 127
2 1 127
3 1 41
4 1 69
5 4 97
6 2 88
7 3 61
8 2 66
9 2 8
10 8 76
11 4 92
12 9 8
13 3 97
14 6 48
15 13 5
16 9 82
17 16 99
18 9 92
19 13 114
20 17 88
21 9 42
22 11 10
23 21 85
24 13 59
25 4 71
26 2 30
27 8 121
28 24 80
29 22 58
30 3 78
31 4 122
32 11 34
33 3 33
34 31 68
35 29 93
36 22 26
37 18 101
38 15 117
39 15 33
40 26 121
41 37 74
42 21 9
43 42 77
44 12 52
45 1 64
46 18 8
47 33 30
48 34 43
49 12 97
50 37 51
51 12 127
52 49 81
53 6 40
54 24 108
55 41 53
56 31 98
57 3 74
58 14 9
59 51 54
60 54 79
61 30 32
62 6 103
63 29 16
64 9 29
65 20 16
66 24 50
67 21 123
68 2 64
69 35 93
70 17 114
71 54 21
72 6 89
73 30 122
74 26 25
75 71 30
76 52 21
77 39 107
78 55 16
79 13 125
80 57 81
81 33 7
82 25 42
83 42 113
84 32 107
85 51 11
86 52 1
87 61 128
88 80 88
89 62 80
90 17 80
91 59 76
92 83 6
93 38 11
94 93 103
95 31 6
96 76 5
97 6 97
98 69 116
99 87 103
100 51 9
101 93 103
102 69 120
103 87 30
104 44 74
105 74 30
106 62 55
107 43 25
108 27 74
109 92 62
110 30 77
111 93 6
112 9 105
113 60 119
114 52 93
115 94 103
116 70 39
117 102 33
118 97 74
119 115 79
120 79 17
121 54 39
122 91 36
123 48 2
124 6 116
125 50 14
126 50 41
127 41 38
128 84 60
11
74
65
66
13
83
120
10
47
34
29
16
52
96
76
91
112
106
27
46
4
81
103
89
95
126
123
56
73
25
101
45
54
102
80
71
17
68
79
38
12
100
60
26
67
62
111
72
85
20
110
63
69
104
114
35
49
109
78
55
116
84
19
18
22
21
24
122
128
88
8
125
28
59
42
64
43
98
127
40
70
115
86
39
99
92
117
32
87
75
36
44
30
90
108
9
31
113
41
82
15
119
23
77
118
94
48
57
97
51
33
93
61
53
105
58
107
124
2
5
7
50
6
3
121
37
14
