128 127
2 1 57
3 2 120
4 3 36
5 2 88
6 3 19
7 4 114
8 3 26
9 1 63
10 8 124
11 8 94
12 11 88
13 8 53
14 10 85
15 13 96
16 14 42
17 4 101
18 13 128
19 11 49
20 15 81
21 12 17
22 19 33
23 12 78
24 6 16
25 23 106
26 2 52
27 17 97
28 19 35
29 22 70
30 19 94
31 24 54
32 9 94
33 29 112
34 1 114
35 28 35
36 22 82
37 5 62
38 34 124
39 10 35
40 22 85
41 31 13
42 16 98
43 42 67
44 17 106
45 8 29
46 33 46
47 32 31
48 14 34
49 35 42
50 28 4
51 22 33
52 18 32
53 29 124
54 33 36
55 22 43
56 5 88
57 26 115
58 3 13
59 13 117
60 34 47
61 5 90
62 33 26
63 32 13
64 45 116
65 29 126
66 19 34
67 29 119
68 3 79
69 36 84
70 57 116
71 53 70
72 62 18
73 54 1
74 35 98
75 37 2
76 40 73
77 31 121
78 53 120
79 67 12
80 49 3
81 12 108
82 48 105
83 29 55
84 42 96
85 48 108
86 71 6
87 29 73
88 83 43
89 83 101
90 55 11
91 63 55
92 61 128
93 30 27
94 68 16
95 73 34
96 94 16
97 41 52
98 82 116
99 51 9
100 57 32
101 61 101
102 40 12
103 85 32
104 45 24
105 15 46
106 40 63
107 27 85
108 105 30
109 11 100
110 55 39
111 85 77
112 43 51
113 13 123
114 62 55
115 53 70
116 31 40
117 68 32
118 84 65
119 47 108
120 100 28
121 46 19
122 61 18
123 44 46
124 102 91
125 57 76
126 37 70
127 85 80
128 98 56
100
74
91
90
58
8
116
59
99
121
21
39
30
64
92
120
109
62
89
63
10
95
56
14
48
75
94
93
22
61
20
9
52
17
60
47
40
11
80
111
87
102
15
41
73
107
119
7
57
82
27
53
49
31
25
28
113
46
103
12
32
128
108
68
2
54
18
83
67
4
97
50
37
105
24
117
38
70
85
69
51
118
114
43
71
127
88
124
44
112
104
36
55
101
84
106
16
13
35
78
26
77
5
86
123
66
126
6
3
76
19
115
23
96
33
65
110
122
45
98
29
72
42
125
81
34
79
