128 127
2 1 8
3 1 62
4 2 11
5 3 122
6 2 17
7 3 111
8 7 17
9 2 107
10 7 64
11 4 68
12 8 77
13 10 68
14 4 113
15 8 86
16 12 119
17 1 25
18 11 121
19 1 8
20 13 108
21 18 91
22 15 92
23 4 3
24 4 82
25 3 31
26 9 114
27 16 24
28 4 126
29 4 65
30 20 77
31 20 41
32 3 110
33 27 57
34 6 55
35 24 23
36 3 31
37 14 58
38 8 24
39 31 128
40 36 43
41 22 17
42 1 62
43 39 58
44 42 115
45 15 99
46 8 106
47 38 26
48 1 123
49 12 4
50 6 19
51 6 24
52 1 5
53 41 94
54 19 69
55 53 55
56 17 69
57 19 83
58 25 116
59 33 37
60 3 73
61 59 20
62 9 4
63 30 12
64 63 37
65 54 51
66 36 80
67 12 9
68 44 98
69 28 17
70 61 25
71 18 124
72 47 127
73 19 16
74 35 99
75 63 52
76 25 16
77 46 43
78 13 120
79 32 128
80 78 67
81 51 10
82 50 56
83 67 56
84 8 42
85 42 113
86 70 66
87 18 17
88 59 127
89 30 75
90 63 73
91 60 73
92 18 53
93 74 49
94 27 10
95 54 65
96 49 62
97 43 111
98 3 41
99 52 67
100 87 58
101 60 93
102 35 117
103 90 32
104 7 120
105 49 73
106 19 107
107 6 34
108 31 53
109 64 113
110 102 44
111 45 82
112 14 78
113 48 108
114 81 115
115 22 36
116 99 115
117 13 3
118 79 119
119 102 123
120 107 27
121 81 38
122 99 95
123 26 51
124 31 31
125 4 39
126 62 100
127 92 13
128 47 13
34
67
80
121
123
49
79
101
92
69
85
13
58
46
51
7
14
41
120
11
88
99
87
124
100
59
6
39
19
89
76
90
22
18
83
111
29
25
42
77
23
50
95
53
105
33
125
86
30
97
71
110
55
84
64
127
65
118
5
35
12
56
32
82
48
37
10
20
73
57
102
60
128
54
15
72
38
31
116
126
8
114
107
47
115
40
26
16
122
96
113
9
21
36
103
43
98
91
78
66
28
68
117
93
45
52
17
81
94
106
74
4
27
104
62
61
75
2
63
44
109
112
70
24
3
108
119
