128 127
2 1 97
3 2 125
4 2 67
5 3 68
6 5 42
7 5 54
8 3 10
9 4 2
10 2 98
11 1 98
12 2 36
13 6 45
14 7 69
15 9 5
16 11 53
17 6 87
18 4 111
19 15 127
20 2 84
21 10 25
22 9 51
23 5 37
24 20 53
25 13 71
26 25 76
27 16 66
28 3 22
29 21 9
30 22 16
31 2 79
32 27 93
33 1 55
34 32 26
35 8 6
36 19 72
37 34 121
38 5 16
39 1 79
40 25 85
41 40 68
42 8 44
43 11 22
44 32 35
45 37 92
46 38 113
47 7 60
48 21 37
49 45 80
50 44 67
51 42 41
52 9 72
53 31 33
54 9 61
55 14 75
56 54 107
57 10 40
58 45 25
59 33 56
60 16 10
61 53 111
62 36 107
63 9 93
64 3 26
65 8 11
66 56 78
67 9 124
68 32 91
69 63 30
70 35 76
71 19 101
72 1 43
73 39 21
74 63 48
75 23 70
76 65 104
77 43 45
78 64 101
79 16 3
80 22 24
81 43 101
82 74 12
83 44 42
84 20 72
85 55 58
86 72 40
87 61 3
88 81 72
89 39 28
90 27 21
91 42 97
92 9 37
93 2 64
94 53 43
95 18 71
96 71 50
97 81 27
98 50 82
99 73 8
100 22 56
101 50 45
102 32 59
103 3 77
104 63 95
105 102 126
106 45 35
107 69 109
108 21 100
109 20 10
110 26 92
111 82 27
112 97 106
113 62 8
114 84 15
115 79 63
116 91 128
117 57 33
118 43 77
119 35 109
120 8 28
121 96 9
122 96 83
123 48 55
124 25 73
125 19 28
126 58 98
127 68 99
128 48 24
26
51
115
57
31
3
89
81
56
88
54
100
124
14
46
126
42
83
92
36
107
109
24
62
94
10
17
25
47
29
27
55
45
58
112
106
11
99
64
117
114
43
84
20
49
28
97
73
23
101
111
69
15
74
37
102
116
38
44
98
105
104
40
90
110
13
2
87
6
39
59
60
12
9
78
70
91
67
34
76
8
95
7
68
72
48
93
75
128
80
18
85
41
108
123
5
4
63
120
61
53
71
79
82
127
50
52
19
119
35
122
118
86
16
30
32
77
103
66
96
113
33
65
21
125
121
22
