128 127
2 1 82
3 2 97
4 1 103
5 4 9
6 3 59
7 6 104
8 5 88
9 6 64
10 1 37
11 3 20
12 2 34
13 12 44
14 12 72
15 13 121
16 15 54
17 14 95
18 14 97
19 14 92
20 9 105
21 6 1
22 20 34
23 7 52
24 3 119
25 19 50
26 9 47
27 5 52
28 15 43
29 7 104
30 8 89
31 29 22
32 27 63
33 21 92
34 7 70
35 34 74
36 34 49
37 18 83
38 22 39
39 5 60
40 7 55
41 10 91
42 18 72
43 2 68
44 12 27
45 27 4
46 23 1
47 38 74
48 17 7
49 21 45
50 7 50
51 6 18
52 8 42
53 35 81
54 5 83
55 11 92
56 3 73
57 19 21
58 1 74
59 3 60
60 43 76
61 46 107
62 24 69
63 62 33
64 9 42
65 13 51
66 7 13
67 35 38
68 6 59
69 31 25
70 48 22
71 61 84
72 32 18
73 5 25
74 28 35
75 57 11
76 50 25
77 54 95
78 20 77
79 50 61
80 63 65
81 14 62
82 13 61
83 73 94
84 62 93
85 33 31
86 69 105
87 75 31
88 14 94
89 45 50
90 44 31
91 58 47
92 80 26
93 50 15
94 41 83
95 77 104
96 16 77
97 20 3
98 42 41
99 74 86
100 99 66
101 97 7
102 10 82
103 25 70
104 97 14
105 45 9
106 45 54
107 90 23
108 38 16
109 13 10
110 104 55
111 2 16
112 31 110
113 3 100
114 8 125
115 41 23
116 101 66
117 39 23
118 68 9
119 1 110
120 7 88
121 81 124
122 54 60
123 58 43
124 110 14
125 60 53
126 66 46
127 92 35
128 103 80
112
108
5
32
71
110
118
53
82
111
56
16
125
72
33
18
43
39
67
57
19
42
66
60
50
34
26
10
48
8
61
85
25
126
37
68
79
64
13
2
47
109
27
73
11
119
116
41
86
70
94
124
28
123
76
117
128
40
69
104
78
51
107
55
52
96
9
100
36
15
49
59
22
115
54
127
14
63
91
77
44
17
21
3
46
114
89
88
113
95
90
121
75
120
80
30
84
29
93
81
103
106
99
62
105
97
74
7
35
23
20
38
101
4
92
12
45
87
102
65
58
6
31
24
83
122
98
