128 127
2 1 26
3 1 4
4 2 78
5 2 50
6 3 60
7 6 83
8 5 57
9 2 111
10 4 63
11 5 61
12 10 102
13 5 4
14 7 82
15 8 92
16 6 100
17 4 68
18 9 98
19 9 15
20 18 91
21 9 117
22 19 77
23 8 40
24 6 18
25 18 84
26 17 48
27 14 119
28 2 105
29 11 73
30 20 111
31 13 17
32 25 20
33 1 121
34 10 69
35 30 63
36 8 93
37 12 111
38 34 115
39 7 16
40 32 38
41 32 60
42 25 101
43 24 120
44 42 46
45 11 30
46 10 119
47 43 15
48 41 26
49 33 79
50 12 124
51 15 36
52 27 67
53 35 48
54 25 32
55 25 28
56 48 48
57 2 22
58 19 113
59 58 20
60 19 87
61 41 31
62 24 64
63 46 2
64 42 15
65 56 88
66 45 32
67 53 44
68 46 79
69 52 120
70 46 28
71 22 20
72 62 15
73 36 70
74 6 33
75 46 80
76 57 119
77 2 124
78 24 101
79 48 40
80 44 104
81 75 88
82 54 31
83 54 101
84 2 89
85 75 77
86 59 28
87 60 84
88 69 103
89 38 56
90 16 93
91 35 56
92 15 112
93 41 43
94 27 45
95 31 59
96 8 110
97 39 89
98 3 68
99 92 120
100 76 96
101 39 28
102 43 42
103 69 105
104 31 16
105 6 69
106 22 110
107 72 128
108 100 48
109 64 57
110 26 49
111 109 9
112 18 99
113 60 51
114 61 55
115 89 124
116 28 35
117 23 52
118 40 36
119 21 117
120 90 59
121 67 94
122 55 15
123 115 29
124 119 118
125 53 93
126 81 58
127 123 70
128 104 38
124
126
11
14
38
75
36
120
24
67
71
68
21
114
109
84
82
25
8
22
61
107
63
76
51
19
121
128
62
89
85
74
88
4
48
118
50
86
110
55
91
10
18
12
6
16
96
60
87
58
49
37
59
44
103
20
65
93
52
83
112
17
95
34
53
45
28
106
46
125
13
31
122
30
99
27
78
72
80
9
56
70
3
32
113
5
39
40
119
42
90
64
66
94
15
92
35
105
123
79
116
47
77
29
33
100
108
111
101
57
81
115
2
26
117
97
98
104
7
73
102
127
69
23
41
54
43
