128 127
2 1 70
3 2 76
4 2 83
5 4 49
6 4 44
7 1 96
8 2 83
9 7 22
10 5 42
11 8 58
12 11 102
13 8 3
14 2 92
15 9 76
16 8 50
17 6 84
18 3 122
19 5 114
20 5 57
21 4 92
22 15 66
23 15 45
24 4 42
25 19 89
26 25 28
27 20 44
28 18 76
29 26 14
30 28 3
31 3 46
32 3 98
33 6 103
34 18 52
35 18 27
36 32 6
37 23 2
38 5 21
39 2 110
40 2 46
41 1 123
42 30 17
43 29 58
44 27 5
45 12 15
46 14 81
47 17 124
48 20 109
49 41 81
50 6 98
51 22 87
52 46 86
53 28 51
54 26 63
55 2 125
56 26 57
57 54 3
58 45 16
59 52 31
60 25 61
61 19 82
62 1 9
63 47 33
64 48 110
65 54 106
66 32 51
67 20 79
68 14 45
69 9 28
70 39 57
71 14 74
72 9 61
73 24 112
74 6 99
75 31 102
76 6 72
77 69 1
78 16 77
79 7 93
80 18 84
81 6 59
82 77 67
83 12 48
84 45 8
85 61 53
86 61 82
87 67 95
88 57 21
89 19 30
90 58 91
91 73 116
92 80 28
93 44 85
94 16 36
95 26 119
96 25 30
97 93 110
98 94 74
99 86 107
100 4 82
101 16 91
102 82 126
103 73 89
104 93 118
105 91 15
106 65 95
107 38 114
108 18 78
109 48 119
110 88 103
111 48 33
112 24 126
113 93 41
114 47 39
115 33 70
116 51 84
117 21 72
118 52 112
119 1 72
120 50 101
121 55 50
122 11 73
123 13 62
124 100 81
125 60 4
126 109 126
127 55 121
128 16 51
10
32
75
121
89
115
92
117
82
36
44
84
125
118
49
88
120
56
38
46
51
54
81
39
66
97
26
5
21
18
12
59
123
85
31
47
27
76
102
64
105
69
25
3
35
17
24
34
61
68
30
57
83
48
93
70
19
99
77
109
67
116
42
100
74
91
73
103
94
45
29
72
8
9
23
106
22
37
122
112
62
43
50
124
14
119
63
15
65
114
80
58
90
128
53
104
55
52
127
20
6
108
95
11
101
60
86
7
41
16
98
2
107
71
113
110
96
126
87
79
33
78
4
40
28
111
13
