128 127
2 1 88
3 1 117
4 2 123
5 3 70
6 2 51
7 6 15
8 4 125
9 7 110
10 9 25
11 7 68
12 2 84
13 4 115
14 12 37
15 2 52
16 8 60
17 8 22
18 4 78
19 17 16
20 6 10
21 20 73
22 19 18
23 7 57
24 18 2
25 2 94
26 18 100
27 7 77
28 7 14
29 15 41
30 11 103
31 30 77
32 3 70
33 12 40
34 33 69
35 12 7
36 25 94
37 20 85
38 12 89
39 21 118
40 18 28
41 19 53
42 1 39
43 26 83
44 33 14
45 6 102
46 43 6
47 41 47
48 42 79
49 13 118
50 3 45
51 22 119
52 50 120
53 6 43
54 23 98
55 33 120
56 19 27
57 12 4
58 29 99
59 8 19
60 42 96
61 32 74
62 15 115
63 27 12
64 6 54
65 44 57
66 26 115
67 62 42
68 64 128
69 50 122
70 45 91
71 38 98
72 9 68
73 72 60
74 56 92
75 50 33
76 44 35
77 25 24
78 45 47
79 50 21
80 18 12
81 44 86
82 28 98
83 53 13
84 12 91
85 68 16
86 15 21
87 66 18
88 32 31
89 68 74
90 84 30
91 10 72
92 6 1
93 50 49
94 51 58
95 83 81
96 62 20
97 49 126
98 33 46
99 48 90
100 20 31
101 55 123
102 4 52
103 44 3
104 3 85
105 48 57
106 11 40
107 98 87
108 89 9
109 7 52
110 68 118
111 75 26
112 88 90
113 67 120
114 14 52
115 33 17
116 90 79
117 46 14
118 41 100
119 76 61
120 42 71
121 63 110
122 10 12
123 4 25
124 30 5
125 71 101
126 92 9
127 59 83
128 28 45
42
4
10
66
2
109
103
60
122
104
8
95
99
31
13
38
12
47
71
28
117
74
3
112
92
81
29
54
85
68
120
126
83
94
65
7
19
63
27
14
61
91
17
43
77
49
20
73
25
87
114
11
23
72
37
69
127
15
45
32
40
26
111
105
82
108
57
48
9
100
30
21
124
110
102
125
118
93
5
76
39
22
6
84
53
46
75
35
36
98
62
86
121
78
16
67
101
79
50
116
80
89
123
24
64
59
55
128
52
34
88
51
90
58
97
119
115
18
70
113
96
44
106
107
56
41
33
