128 127
2 1 32
3 2 14
4 2 2
5 2 79
6 5 11
7 6 95
8 6 32
9 8 33
10 4 31
11 9 77
12 4 117
13 12 76
14 12 90
15 3 29
16 2 86
17 12 19
18 12 116
19 2 12
20 1 63
21 6 31
22 15 93
23 14 107
24 4 70
25 8 125
26 6 57
27 13 23
28 20 73
29 4 125
30 7 33
31 22 60
32 26 40
33 26 110
34 17 90
35 26 14
36 32 19
37 22 43
38 1 17
39 19 117
40 22 122
41 10 95
42 3 32
43 15 90
44 36 107
45 37 80
46 29 76
47 16 117
48 13 64
49 41 67
50 13 7
51 50 46
52 44 48
53 38 38
54 22 15
55 18 30
56 54 97
57 29 20
58 46 81
59 36 34
60 7 85
61 55 43
62 28 24
63 13 9
64 47 40
65 36 114
66 39 107
67 16 29
68 33 18
69 31 11
70 35 93
71 59 3
72 11 28
73 68 57
74 25 121
75 26 19
76 53 95
77 72 54
78 59 128
79 44 122
80 48 125
81 39 74
82 27 82
83 6 53
84 44 109
85 26 48
86 71 94
87 37 19
88 11 51
89 48 43
90 16 80
91 9 124
92 84 20
93 56 102
94 49 15
95 67 54
96 75 111
97 36 79
98 68 3
99 55 92
100 18 14
101 55 121
102 6 111
103 97 34
104 38 11
105 87 119
106 86 83
107 76 37
108 48 96
109 76 24
110 106 52
111 21 78
112 49 76
113 73 30
114 56 93
115 75 36
116 55 72
117 27 107
118 64 39
119 42 115
120 28 2
121 89 92
122 66 95
123 117 15
124 37 58
125 32 64
126 91 109
127 46 69
128 18 100
127
126
80
85
20
26
4
73
81
59
79
70
92
37
40
58
29
21
57
52
55
35
49
3
11
68
88
50
13
24
14
41
45
113
110
117
38
118
69
16
62
78
97
90
53
102
77
119
15
2
10
114
101
74
65
5
56
17
128
104
82
22
36
87
107
43
42
103
71
111
30
123
75
47
94
44
63
33
86
98
39
64
7
51
124
48
67
23
93
46
31
96
100
28
120
18
8
54
99
6
9
121
109
61
60
116
95
125
89
66
34
106
91
105
19
25
112
122
115
27
32
12
108
83
76
84
72
