128 127
2 1 38
3 1 71
4 3 57
5 4 120
6 1 19
7 1 80
8 2 117
9 2 47
10 9 48
11 6 36
12 7 4
13 12 42
14 8 84
15 6 19
16 15 97
17 4 70
18 11 78
19 5 110
20 1 73
21 20 21
22 4 53
23 17 8
24 8 51
25 22 29
26 4 55
27 4 125
28 24 20
29 19 114
30 13 32
31 2 108
32 19 109
33 26 18
34 24 9
35 23 59
36 31 107
37 26 39
38 7 83
39 30 106
40 20 38
41 3 31
42 31 87
43 33 6
44 5 90
45 30 91
46 18 31
47 10 116
48 12 35
49 30 89
50 49 77
51 31 25
52 47 35
53 42 17
54 36 100
55 47 84
56 48 90
57 13 48
58 24 88
59 57 14
60 7 24
61 46 125
62 22 8
63 57 7
64 42 127
65 29 53
66 4 30
67 31 38
68 11 45
69 13 22
70 64 30
71 65 117
72 62 89
73 71 36
74 14 118
75 8 126
76 40 35
77 31 9
78 77 65
79 10 111
80 17 80
81 70 103
82 22 56
83 46 46
84 56 117
85 30 110
86 29 119
87 75 71
88 80 46
89 27 123
90 14 5
91 62 107
92 78 17
93 82 53
94 90 57
95 74 23
96 37 56
97 5 121
98 30 112
99 37 112
100 27 55
101 65 112
102 34 10
103 17 102
104 66 19
105 1 82
106 4 69
107 65 71
108 90 50
109 11 58
110 19 11
111 75 1
112 56 65
113 12 109
114 34 41
115 72 71
116 32 53
117 26 115
118 44 42
119 90 108
120 33 118
121 7 21
122 93 13
123 20 84
124 99 82
125 56 64
126 125 107
127 32 31
128 82 73
61
88
108
56
116
99
104
14
124
44
45
47
90
39
93
98
5
23
73
114
17
65
89
119
117
28
111
9
48
24
128
107
106
84
59
126
4
36
123
103
77
15
71
102
26
2
20
22
96
25
109
125
21
121
80
58
52
87
76
51
94
62
120
31
75
11
33
50
78
91
27
29
122
10
66
8
105
60
69
85
100
7
30
110
86
6
127
43
118
64
32
38
101
82
74
49
42
67
18
19
83
41
70
57
35
68
12
16
63
72
95
81
53
92
40
46
79
97
37
13
55
54
113
112
3
34
115
