128 127
2 1 30
3 1 74
4 3 40
5 3 63
6 1 106
7 3 96
8 1 128
9 6 87
10 9 116
11 5 40
12 2 16
13 11 85
14 10 5
15 13 54
16 8 111
17 6 119
18 7 27
19 13 9
20 7 98
21 3 117
22 11 107
23 2 79
24 15 89
25 19 111
26 19 8
27 16 88
28 7 119
29 25 110
30 21 85
31 12 86
32 4 113
33 19 27
34 5 97
35 11 70
36 11 70
37 7 89
38 37 102
39 17 68
40 6 47
41 25 82
42 29 93
43 29 80
44 10 47
45 1 82
46 7 66
47 14 51
48 32 25
49 37 56
50 29 91
51 14 117
52 1 2
53 43 29
54 15 2
55 18 14
56 4 110
57 52 122
58 36 114
59 2 6
60 34 10
61 11 79
62 31 34
63 29 72
64 21 72
65 34 105
66 14 72
67 44 7
68 34 74
69 59 60
70 65 2
71 38 37
72 52 89
73 3 28
74 71 80
75 21 46
76 68 30
77 74 68
78 12 1
79 39 57
80 6 89
81 45 42
82 57 64
83 17 14
84 43 99
85 42 29
86 14 4
87 68 44
88 52 27
89 60 82
90 76 126
91 17 118
92 42 74
93 6 31
94 37 71
95 17 1
96 36 64
97 11 53
98 74 106
99 13 39
100 54 57
101 15 106
102 57 60
103 99 125
104 48 121
105 74 124
106 62 123
107 104 126
108 82 93
109 19 107
110 18 93
111 76 30
112 44 47
113 54 76
114 41 52
115 65 127
116 25 86
117 108 9
118 28 116
119 76 34
120 76 27
121 45 15
122 7 61
123 8 101
124 54 91
125 90 38
126 18 104
127 55 10
128 11 48
102
111
120
66
33
125
54
29
22
32
21
59
14
77
109
64
51
70
53
28
61
104
94
116
17
42
24
48
62
78
96
80
114
124
19
65
110
71
106
72
63
95
87
34
83
46
52
55
60
89
88
73
67
75
123
122
56
108
93
11
27
107
43
112
49
18
97
91
13
105
117
119
84
23
58
74
103
26
44
39
115
12
3
50
81
121
7
4
36
90
37
35
40
6
47
85
113
5
31
99
41
16
76
20
100
30
128
8
126
118
25
82
79
38
101
9
10
69
127
57
98
68
45
2
92
15
86
