128 127
2 1 89
3 1 107
4 1 88
5 2 75
6 5 102
7 3 128
8 7 72
9 3 71
10 8 86
11 3 8
12 9 53
13 11 45
14 11 72
15 12 54
16 9 24
17 1 77
18 6 40
19 15 93
20 4 89
21 18 114
22 13 56
23 22 71
24 19 99
25 3 83
26 17 115
27 12 21
28 15 78
29 14 113
30 6 51
31 16 52
32 22 52
33 14 32
34 29 93
35 31 75
36 28 46
37 18 14
38 29 63
39 36 114
40 25 92
41 33 86
42 10 14
43 15 45
44 17 23
45 26 48
46 3 47
47 12 119
48 14 32
49 47 116
50 27 24
51 48 91
52 27 117
53 30 6
54 28 102
55 13 55
56 51 10
57 11 84
58 42 107
59 31 127
60 43 123
61 53 82
62 33 35
63 26 106
64 25 109
65 64 105
66 1 109
67 44 83
68 64 93
69 54 112
70 31 106
71 57 102
72 32 76
73 40 107
74 53 8
75 63 82
76 4 107
77 63 113
78 58 68
79 53 11
80 52 107
81 4 100
82 66 37
83 11 34
84 80 28
85 31 123
86 83 55
87 28 36
88 38 34
89 76 3
90 39 29
91 12 56
92 53 1
93 37 117
94 63 126
95 49 106
96 91 55
97 49 126
98 60 33
99 18 83
100 62 46
101 74 76
102 43 8
103 77 61
104 30 52
105 28 19
106 72 122
107 10 121
108 70 67
109 43 75
110 16 64
111 17 55
112 63 101
113 23 11
114 7 83
115 19 25
116 98 55
117 3 26
118 35 36
119 32 128
120 58 9
121 37 123
122 3 17
123 111 80
124 75 37
125 51 24
126 91 62
127 112 99
128 57 119
27
78
4
81
66
48
54
42
120
86
31
125
53
79
105
85
5
116
124
61
106
25
111
40
59
7
123
108
80
51
8
92
29
43
32
70
28
58
57
87
115
110
12
96
45
95
19
104
88
112
113
128
93
36
114
107
117
15
47
67
94
73
103
16
119
126
56
71
3
10
37
83
97
30
50
84
23
9
91
13
22
69
98
11
64
14
62
2
102
39
75
20
26
99
49
127
72
89
60
118
55
63
46
76
41
101
17
44
52
74
24
6
21
33
65
35
121
34
109
90
38
77
82
122
18
100
68
