128 127
2 1 61
3 1 13
4 1 65
5 3 124
6 3 27
7 6 16
8 5 117
9 3 16
10 4 65
11 8 64
12 4 93
13 10 29
14 5 107
15 12 11
16 14 33
17 11 117
18 12 6
19 3 71
20 9 63
21 3 119
22 2 44
23 22 58
24 23 126
25 15 37
26 1 127
27 12 34
28 25 96
29 10 71
30 29 43
31 15 17
32 9 98
33 18 36
34 27 74
35 33 62
36 20 20
37 3 110
38 9 77
39 30 98
40 28 14
41 4 117
42 38 6
43 17 71
44 2 125
45 43 76
46 25 77
47 32 100
48 37 10
49 21 18
50 32 56
51 21 1
52 11 122
53 44 100
54 44 61
55 7 68
56 34 47
57 13 21
58 51 94
59 15 111
60 10 120
61 57 17
62 22 74
63 4 19
64 63 54
65 30 64
66 15 116
67 54 104
68 52 107
69 20 108
70 11 39
71 58 36
72 2 57
73 66 38
74 31 60
75 27 8
76 43 128
77 1 2
78 34 103
79 51 47
80 66 2
81 16 21
82 9 75
83 24 90
84 83 27
85 75 49
86 85 128
87 13 99
88 55 76
89 1 82
90 21 45
91 81 40
92 17 127
93 44 82
94 41 15
95 61 10
96 59 75
97 8 46
98 95 33
99 68 62
100 7 92
101 53 36
102 26 83
103 27 11
104 11 73
105 35 11
106 64 37
107 86 2
108 55 3
109 77 41
110 73 70
111 26 49
112 35 117
113 42 27
114 31 21
115 86 66
116 71 37
117 79 27
118 18 29
119 56 42
120 69 125
121 1 61
122 63 91
123 47 125
124 92 32
125 90 72
126 31 1
127 118 78
128 54 30
114
88
90
27
112
17
37
123
125
89
52
20
113
76
127
16
22
58
10
14
97
48
66
44
26
69
56
79
86
78
73
43
4
72
128
12
54
68
111
42
62
46
126
101
100
21
91
25
38
45
80
35
34
120
23
119
32
116
70
13
75
67
93
109
47
49
30
41
7
108
94
60
95
98
2
11
8
3
77
19
87
118
110
85
92
36
61
55
115
5
106
64
15
33
24
122
18
65
51
103
83
29
84
39
9
40
50
121
117
99
28
96
71
59
105
107
57
31
63
104
74
82
102
6
81
124
53
