128 127
2 1 6
3 2 15
4 2 5
5 4 86
6 5 38
7 6 122
8 6 116
9 5 127
10 6 4
11 2 104
12 5 104
13 5 42
14 8 46
15 7 6
16 1 54
17 13 85
18 11 35
19 5 54
20 11 109
21 3 22
22 15 119
23 14 40
24 10 18
25 2 10
26 18 78
27 19 71
28 23 93
29 20 26
30 2 78
31 4 75
32 27 28
33 6 88
34 14 110
35 13 88
36 1 25
37 22 58
38 36 58
39 27 35
40 30 123
41 4 62
42 7 43
43 21 2
44 35 99
45 44 20
46 26 100
47 12 122
48 40 125
49 40 77
50 27 10
51 34 77
52 37 60
53 47 17
54 23 24
55 19 115
56 14 12
57 41 45
58 46 14
59 54 112
60 46 94
61 15 112
62 40 37
63 3 62
64 44 59
65 46 78
66 17 26
67 66 32
68 49 76
69 29 63
70 64 111
71 59 56
72 6 33
73 32 93
74 18 74
75 73 23
76 47 126
77 66 43
78 56 44
79 61 30
80 31 53
81 23 6
82 76 79
83 64 93
84 54 106
85 68 4
86 33 26
87 59 72
88 22 98
89 44 47
90 48 63
91 9 94
92 85 6
93 13 48
94 45 87
95 70 84
96 80 50
97 66 114
98 70 77
99 81 76
100 93 41
101 2 96
102 12 19
103 47 107
104 49 62
105 54 79
106 103 83
107 18 77
108 43 72
109 5 71
110 86 108
111 89 3
112 85 105
113 53 75
114 70 118
115 12 103
116 72 55
117 67 119
118 53 104
119 35 22
120 51 105
121 24 83
122 106 19
123 49 108
124 54 47
125 33 81
126 34 84
127 114 117
128 2 112
53
123
77
71
37
74
90
23
11
94
5
49
64
65
18
4
35
3
6
80
120
13
84
24
97
127
33
106
17
28
10
107
15
124
59
34
45
70
88
46
104
76
40
21
96
112
69
87
101
116
67
66
125
82
86
73
12
63
43
38
19
99
89
128
113
75
117
20
42
58
105
126
79
48
2
98
9
57
8
102
16
122
83
56
81
36
109
32
62
29
52
114
27
68
121
118
44
41
51
103
14
54
22
95
60
7
50
31
92
85
93
115
39
72
55
119
30
91
26
111
108
78
61
100
110
25
47
