128 127
2 1 124
3 1 117
4 1 67
5 2 16
6 4 67
7 2 7
8 7 96
9 7 18
10 4 83
11 7 46
12 11 37
13 8 102
14 10 87
15 12 59
16 5 112
17 2 72
18 3 54
19 3 95
20 8 127
21 12 43
22 13 68
23 13 14
24 22 27
25 21 79
26 16 42
27 11 27
28 26 4
29 26 111
30 16 46
31 22 35
32 31 97
33 18 60
34 23 65
35 9 40
36 17 15
37 16 76
38 13 46
39 7 73
40 14 98
41 20 89
42 20 120
43 34 123
44 16 59
45 23 22
46 6 9
47 19 104
48 41 50
49 1 55
50 10 76
51 13 4
52 9 68
53 44 34
54 2 49
55 32 12
56 3 71
57 9 55
58 11 90
59 28 122
60 35 35
61 19 71
62 22 50
63 18 127
64 31 66
65 38 126
66 37 5
67 27 15
68 66 122
69 32 80
70 24 6
71 42 58
72 16 87
73 50 113
74 45 50
75 41 39
76 37 125
77 1 15
78 67 84
79 23 123
80 7 23
81 34 95
82 43 11
83 78 111
84 49 64
85 51 20
86 54 88
87 43 75
88 3 47
89 57 62
90 54 115
91 50 70
92 71 26
93 31 73
94 4 23
95 40 57
96 2 59
97 22 14
98 32 37
99 95 112
100 86 94
101 78 124
102 87 71
103 67 56
104 15 75
105 69 24
106 83 106
107 44 10
108 76 106
109 46 93
110 58 42
111 34 13
112 107 45
113 45 80
114 57 12
115 99 21
116 29 79
117 70 12
118 42 60
119 1 120
120 115 80
121 51 17
122 58 39
123 4 33
124 67 31
125 51 27
126 63 61
127 84 35
128 21 72
85
102
79
120
24
82
11
113
23
122
86
128
62
94
66
77
39
14
87
72
35
22
108
73
83
81
18
47
106
55
56
60
25
112
30
107
13
90
12
105
84
116
80
15
8
123
74
117
97
91
69
64
67
103
114
99
38
63
126
88
26
59
65
49
109
20
50
95
19
43
124
68
71
4
127
21
110
121
36
75
96
104
118
37
3
115
70
6
9
27
29
57
48
45
44
101
40
51
89
32
42
16
54
52
98
53
46
34
93
41
92
61
2
58
76
17
119
28
10
100
125
111
78
31
33
5
7
