128 127
2 1 27
3 1 77
4 3 34
5 2 119
6 5 125
7 4 127
8 2 108
9 5 34
10 9 65
11 4 3
12 7 8
13 4 96
14 12 97
15 6 110
16 15 119
17 16 15
18 17 126
19 11 83
20 2 65
21 2 128
22 16 24
23 19 95
24 18 49
25 24 114
26 5 110
27 24 43
28 22 111
29 13 74
30 17 128
31 3 103
32 25 55
33 1 81
34 11 68
35 3 81
36 28 92
37 7 91
38 6 28
39 21 63
40 13 49
41 25 82
42 6 8
43 32 12
44 14 24
45 4 34
46 27 107
47 30 70
48 2 55
49 21 96
50 36 59
51 12 58
52 19 80
53 38 17
54 13 12
55 43 101
56 7 13
57 48 101
58 26 51
59 43 79
60 36 76
61 54 47
62 53 84
63 29 1
64 45 85
65 59 46
66 25 11
67 51 6
68 21 60
69 51 63
70 53 104
71 66 5
72 13 107
73 17 91
74 48 64
75 33 73
76 29 69
77 21 3
78 53 115
79 69 114
80 4 2
81 66 67
82 78 37
83 58 57
84 54 127
85 36 26
86 66 41
87 69 27
88 79 105
89 60 25
90 83 93
91 49 7
92 82 123
93 68 113
94 49 71
95 46 39
96 39 55
97 61 92
98 50 97
99 32 10
100 2 53
101 55 75
102 75 66
103 8 42
104 99 82
105 45 60
106 62 42
107 59 125
108 7 14
109 24 116
110 30 22
111 5 10
112 6 122
113 8 17
114 42 29
115 106 109
116 98 81
117 12 11
118 85 79
119 66 52
120 39 21
121 51 6
122 26 79
123 37 7
124 81 43
125 26 16
126 5 93
127 95 44
128 4 120
51
78
47
68
118
22
124
94
84
100
120
116
96
102
110
71
127
66
114
88
7
72
109
12
3
21
98
8
33
50
93
53
17
57
107
37
128
112
29
4
62
26
40
105
61
80
13
58
125
91
89
11
9
63
48
41
76
43
79
55
117
46
82
6
73
42
32
74
14
67
69
2
49
92
31
28
111
38
126
36
122
115
104
10
108
39
113
87
85
18
5
123
54
106
56
90
101
52
19
97
15
121
16
81
30
83
25
75
95
60
86
20
35
27
99
64
24
45
59
65
44
103
23
70
34
77
119
