128 127
2 1 127
3 2 10
4 1 29
5 4 25
6 2 118
7 4 73
8 2 93
9 4 72
10 7 95
11 4 14
12 1 92
13 4 26
14 1 1
15 1 82
16 13 29
17 7 58
18 12 50
19 14 70
20 12 39
21 13 122
22 10 15
23 9 110
24 19 1
25 18 25
26 23 93
27 20 23
28 19 83
29 14 85
30 27 98
31 22 102
32 16 83
33 11 93
34 28 120
35 12 77
36 14 56
37 17 6
38 34 4
39 15 9
40 5 67
41 13 81
42 25 51
43 6 55
44 17 34
45 14 76
46 21 5
47 28 13
48 13 25
49 10 98
50 48 19
51 48 119
52 34 100
53 34 104
54 8 27
55 1 78
56 24 83
57 20 79
58 39 7
59 42 66
60 44 10
61 2 64
62 25 20
63 36 62
64 36 12
65 34 55
66 1 99
67 43 112
68 1 111
69 5 49
70 21 80
71 20 49
72 11 66
73 45 107
74 44 80
75 14 103
76 42 39
77 52 70
78 59 95
79 22 103
80 36 32
81 46 97
82 79 88
83 65 98
84 1 15
85 30 49
86 46 51
87 33 125
88 83 70
89 1 83
90 72 119
91 74 39
92 70 66
93 54 123
94 65 79
95 79 125
96 50 84
97 29 94
98 94 55
99 26 94
100 73 42
101 69 84
102 25 17
103 91 104
104 83 17
105 78 31
106 76 15
107 42 35
108 95 96
109 26 114
110 71 45
111 103 20
112 68 87
113 61 22
114 110 82
115 2 112
116 14 74
117 14 78
118 7 36
119 10 37
120 102 66
121 82 100
122 78 87
123 89 16
124 38 80
125 108 89
126 15 13
127 91 34
128 112 66
76
11
125
4
65
77
38
121
36
105
124
48
19
44
58
21
16
14
79
103
126
2
49
100
35
123
84
93
9
18
52
112
102
61
12
98
53
25
30
15
127
92
73
86
110
46
45
47
69
64
55
87
94
59
66
39
62
81
116
56
27
80
40
108
106
70
31
78
71
43
67
119
22
88
99
29
5
109
41
10
33
89
101
63
50
68
90
32
20
118
111
37
122
107
104
113
60
8
26
17
96
83
23
120
51
24
54
128
85
13
6
74
57
117
115
72
28
34
114
97
91
82
42
3
7
75
95
