128 127
2 1 25
3 2 97
4 2 116
5 3 96
6 1 45
7 2 71
8 5 1
9 8 97
10 8 103
11 6 32
12 4 104
13 9 75
14 8 16
15 6 126
16 15 126
17 14 107
18 13 11
19 4 100
20 16 125
21 19 42
22 2 85
23 7 58
24 14 23
25 24 96
26 18 119
27 26 18
28 9 9
29 9 24
30 18 100
31 3 40
32 11 86
33 18 33
34 6 46
35 23 109
36 30 52
37 2 25
38 25 83
39 14 91
40 15 54
41 7 16
42 7 104
43 13 74
44 21 35
45 38 62
46 37 11
47 32 115
48 4 116
49 47 82
50 19 62
51 25 48
52 29 88
53 19 29
54 25 4
55 23 4
56 2 1
57 25 20
58 40 43
59 32 51
60 54 124
61 34 79
62 28 35
63 59 108
64 31 24
65 47 78
66 58 126
67 36 26
68 58 68
69 24 82
70 30 119
71 59 118
72 49 96
73 68 38
74 65 74
75 63 124
76 24 107
77 59 46
78 67 52
79 41 90
80 20 48
81 9 125
82 60 19
83 74 121
84 78 48
85 71 127
86 62 73
87 29 100
88 86 56
89 39 48
90 86 99
91 89 49
92 69 47
93 28 81
94 81 34
95 69 36
96 9 15
97 13 57
98 35 106
99 26 118
100 71 31
101 73 124
102 99 25
103 11 96
104 26 83
105 90 107
106 87 8
107 91 70
108 13 86
109 9 81
110 92 11
111 73 28
112 47 60
113 30 117
114 110 4
115 86 113
116 75 54
117 69 8
118 41 17
119 6 41
120 23 86
121 85 45
122 62 69
123 86 78
124 32 62
125 10 83
126 27 44
127 32 84
128 19 32
64
57
115
28
54
71
7
92
46
53
23
62
33
59
77
122
82
12
8
30
120
34
102
60
29
13
94
35
19
121
44
100
118
17
125
117
6
47
95
89
80
126
99
45
128
50
70
91
36
88
24
119
25
40
37
110
107
2
43
112
85
63
106
86
123
109
39
108
124
73
4
38
84
10
21
76
66
67
81
98
18
3
96
58
20
75
97
9
26
113
101
56
105
15
22
65
83
61
52
32
14
16
72
68
41
103
90
127
49
79
74
55
111
116
42
51
11
31
69
87
93
5
104
78
114
48
27
