128 127
2 1 105
3 1 28
4 1 15
5 1 29
6 2 121
7 1 11
8 7 36
9 6 24
10 2 104
11 8 55
12 5 32
13 7 22
14 11 48
15 6 2
16 3 5
17 9 34
18 13 4
19 7 9
20 2 96
21 3 29
22 2 20
23 22 77
24 17 25
25 16 62
26 25 56
27 15 23
28 5 92
29 20 109
30 3 81
31 18 77
32 7 70
33 13 33
34 19 66
35 26 91
36 21 112
37 32 76
38 19 55
39 4 47
40 8 62
41 38 58
42 38 32
43 42 127
44 9 79
45 28 85
46 22 41
47 12 118
48 14 9
49 5 100
50 16 91
51 50 27
52 17 97
53 4 61
54 25 119
55 36 55
56 48 119
57 53 8
58 18 115
59 56 108
60 23 80
61 31 77
62 4 57
63 47 35
64 42 10
65 38 100
66 15 105
67 7 91
68 4 27
69 68 123
70 62 86
71 38 46
72 43 107
73 31 25
74 32 31
75 71 48
76 15 33
77 2 82
78 66 7
79 6 31
80 58 1
81 17 111
82 29 91
83 27 107
84 11 23
85 55 41
86 5 21
87 30 110
88 78 1
89 80 98
90 76 86
91 75 30
92 91 37
93 19 71
94 22 12
95 51 10
96 83 19
97 31 79
98 59 15
99 60 22
100 7 91
101 9 126
102 77 66
103 6 27
104 45 49
105 83 103
106 102 56
107 102 103
108 104 87
109 93 16
110 20 91
111 18 11
112 18 48
113 34 43
114 13 127
115 1 81
116 19 65
117 20 107
118 87 23
119 64 76
120 28 9
121 60 21
122 62 75
123 78 102
124 4 25
125 72 116
126 112 112
127 44 38
128 116 54
87
72
10
41
44
19
15
38
63
80
94
82
124
128
106
76
99
127
33
51
95
114
42
23
112
61
121
104
57
64
75
16
70
53
98
9
28
13
123
90
2
24
35
109
83
50
118
47
66
65
52
78
40
107
71
105
93
11
85
77
91
30
46
84
81
126
88
108
48
96
39
17
122
101
73
54
31
59
22
43
110
79
62
120
74
86
21
56
3
55
18
25
29
27
68
6
69
20
7
14
102
34
113
97
26
100
67
111
8
117
58
36
92
49
103
119
45
4
60
5
37
89
125
12
32
116
115
