128 127
2 1 100
3 2 101
4 2 5
5 2 28
6 3 96
7 1 22
8 5 58
9 8 109
10 9 66
11 9 70
12 1 80
13 10 71
14 13 55
15 9 56
16 7 1
17 16 92
18 2 11
19 9 128
20 18 109
21 13 73
22 9 57
23 13 47
24 11 10
25 15 53
26 14 86
27 13 80
28 8 96
29 15 15
30 4 104
31 21 122
32 24 14
33 1 107
34 30 19
35 26 51
36 35 96
37 9 67
38 32 83
39 7 72
40 35 48
41 1 53
42 2 126
43 21 42
44 27 17
45 10 30
46 42 4
47 14 95
48 3 52
49 48 60
50 39 121
51 21 83
52 39 121
53 45 24
54 49 64
55 17 29
56 45 19
57 22 82
58 6 1
59 25 59
60 37 100
61 11 10
62 39 118
63 57 26
64 23 15
65 53 43
66 11 24
67 38 74
68 29 106
69 36 29
70 32 28
71 35 104
72 4 103
73 43 105
74 49 114
75 10 121
76 34 82
77 65 84
78 66 95
79 27 25
80 46 70
81 54 26
82 22 53
83 49 4
84 72 29
85 64 122
86 41 94
87 60 79
88 60 55
89 37 81
90 36 68
91 17 83
92 42 117
93 66 111
94 16 60
95 28 48
96 41 127
97 9 22
98 11 117
99 16 44
100 15 85
101 23 66
102 29 28
103 44 42
104 89 88
105 22 23
106 23 100
107 104 76
108 80 94
109 83 37
110 25 54
111 76 82
112 85 62
113 92 94
114 109 69
115 85 48
116 75 76
117 52 30
118 54 86
119 107 84
120 98 33
121 68 54
122 31 46
123 18 86
124 33 111
125 33 34
126 65 95
127 76 74
128 19 14
89
74
38
17
73
68
69
5
85
23
56
106
84
80
51
10
15
91
79
114
7
47
4
24
13
66
35
90
49
26
112
59
81
12
42
102
20
2
78
53
22
46
96
57
48
11
54
127
107
94
123
3
16
72
111
29
14
93
99
31
25
86
61
82
87
121
122
55
83
109
95
104
39
37
60
120
44
71
63
9
41
117
97
126
67
32
19
50
65
77
118
75
101
43
40
6
28
52
116
30
62
8
21
113
18
124
45
108
115
27
58
76
34
36
128
103
105
92
119
125
64
33
110
100
98
88
70
