128 127
2 1 100
3 2 54
4 2 87
5 4 97
6 1 53
7 4 8
8 1 79
9 2 84
10 2 94
11 9 122
12 9 106
13 8 75
14 10 79
15 3 110
16 11 72
17 8 61
18 8 4
19 17 48
20 1 89
21 10 31
22 1 125
23 13 4
24 2 54
25 9 55
26 5 100
27 22 94
28 19 32
29 7 4
30 23 120
31 30 7
32 18 26
33 3 41
34 19 75
35 8 2
36 11 84
37 10 3
38 9 115
39 1 87
40 1 107
41 15 97
42 8 43
43 22 111
44 38 77
45 7 93
46 10 30
47 14 12
48 35 83
49 18 34
50 48 21
51 16 6
52 32 15
53 48 99
54 33 38
55 25 69
56 22 82
57 40 69
58 23 52
59 53 37
60 48 72
61 51 67
62 43 65
63 48 18
64 53 20
65 59 1
66 26 91
67 48 21
68 58 76
69 16 65
70 19 110
71 25 97
72 40 18
73 61 75
74 11 21
75 40 20
76 34 22
77 55 113
78 46 12
79 44 99
80 46 17
81 52 63
82 44 99
83 66 105
84 32 115
85 45 17
86 13 52
87 86 57
88 39 32
89 50 59
90 37 38
91 64 89
92 42 69
93 12 76
94 16 67
95 47 111
96 55 46
97 6 15
98 71 128
99 73 63
100 24 84
101 11 122
102 59 3
103 79 71
104 31 50
105 43 106
106 62 75
107 8 16
108 25 42
109 84 106
110 73 15
111 71 109
112 59 122
113 8 95
114 104 117
115 13 103
116 37 22
117 9 82
118 68 12
119 108 21
120 33 125
121 98 21
122 26 127
123 21 60
124 116 126
125 31 90
126 119 17
127 10 73
128 10 74
112
47
116
70
81
2
90
62
60
20
29
18
22
126
28
10
75
121
98
77
72
59
16
3
95
79
68
49
88
51
67
106
57
93
31
66
44
110
105
101
30
19
73
48
80
109
14
115
45
123
104
33
76
26
32
96
17
11
27
120
6
42
25
124
41
35
40
94
63
34
52
122
5
91
7
111
119
108
37
125
107
55
54
69
12
23
56
65
92
100
114
61
118
83
89
15
53
87
43
117
128
74
9
38
78
39
24
99
8
64
103
36
50
127
82
46
113
86
102
97
21
85
13
4
58
84
71
