128 127
2 1 96
3 1 106
4 1 127
5 2 30
6 4 98
7 3 90
8 1 1
9 1 74
10 4 86
11 9 44
12 1 30
13 2 120
14 7 121
15 13 90
16 13 12
17 9 12
18 7 96
19 3 115
20 19 15
21 9 105
22 14 40
23 8 43
24 21 102
25 20 85
26 5 63
27 20 1
28 17 25
29 24 36
30 29 54
31 13 54
32 22 31
33 2 4
34 25 119
35 6 64
36 35 111
37 18 83
38 13 22
39 13 47
40 14 48
41 8 60
42 10 21
43 41 10
44 31 42
45 17 54
46 27 46
47 46 40
48 29 42
49 1 77
50 45 112
51 16 91
52 48 33
53 32 122
54 23 48
55 54 61
56 2 12
57 44 106
58 43 13
59 18 35
60 43 39
61 58 102
62 41 3
63 46 9
64 23 49
65 15 127
66 29 111
67 38 41
68 8 74
69 48 127
70 30 69
71 53 46
72 48 115
73 24 91
74 36 17
75 60 2
76 5 23
77 56 120
78 37 61
79 66 90
80 12 5
81 37 43
82 16 57
83 28 23
84 11 67
85 12 83
86 45 101
87 71 49
88 34 26
89 73 14
90 18 114
91 81 43
92 25 105
93 71 106
94 23 95
95 18 29
96 87 52
97 80 85
98 92 117
99 32 37
100 11 38
101 98 123
102 64 1
103 52 99
104 41 111
105 5 128
106 18 75
107 14 17
108 40 113
109 24 125
110 62 89
111 23 28
112 6 36
113 13 62
114 52 73
115 67 91
116 5 64
117 91 81
118 49 52
119 20 2
120 32 14
121 65 41
122 93 55
123 38 27
124 67 56
125 43 78
126 22 59
127 121 70
128 96 93
18
28
66
21
121
13
42
93
78
15
105
118
90
10
69
100
82
11
117
29
71
84
68
47
57
70
14
103
6
123
63
124
74
111
119
53
37
89
40
23
106
62
56
95
12
113
49
43
122
65
75
104
9
38
32
44
46
36
73
87
67
115
3
24
110
114
102
98
61
30
17
96
27
108
94
91
39
4
120
126
50
34
20
2
22
59
85
99
33
16
88
7
41
26
127
19
101
25
48
31
77
45
72
116
35
8
81
64
92
55
83
112
76
80
54
97
58
5
107
51
52
60
86
79
128
125
109
