128 127
2 1 32
3 2 31
4 1 48
5 4 1
6 4 56
7 2 6
8 4 100
9 4 52
10 1 9
11 4 33
12 7 116
13 3 122
14 4 7
15 1 20
16 1 8
17 7 114
18 13 56
19 14 29
20 12 46
21 10 82
22 6 110
23 7 10
24 13 119
25 24 80
26 16 22
27 10 35
28 3 63
29 1 71
30 9 100
31 16 78
32 29 128
33 28 43
34 22 106
35 19 3
36 27 111
37 29 39
38 5 66
39 11 38
40 24 50
41 23 107
42 4 62
43 40 49
44 2 20
45 35 28
46 3 62
47 33 85
48 41 53
49 35 47
50 36 99
51 29 121
52 34 109
53 43 121
54 53 80
55 18 111
56 25 87
57 43 116
58 43 46
59 22 66
60 33 93
61 11 126
62 56 33
63 38 64
64 42 107
65 48 120
66 59 14
67 33 128
68 17 80
69 3 60
70 31 22
71 57 123
72 22 24
73 42 5
74 55 122
75 64 8
76 63 48
77 52 115
78 42 55
79 34 2
80 42 108
81 39 54
82 28 4
83 30 128
84 43 22
85 2 8
86 40 30
87 22 117
88 61 50
89 47 4
90 62 121
91 36 58
92 10 70
93 56 53
94 57 15
95 72 15
96 74 22
97 78 19
98 17 34
99 12 19
100 88 116
101 68 50
102 92 82
103 21 30
104 34 79
105 101 68
106 74 32
107 41 26
108 71 88
109 68 18
110 106 39
111 88 47
112 18 40
113 57 55
114 42 76
115 47 100
116 92 96
117 43 99
118 67 127
119 105 82
120 39 124
121 80 85
122 14 85
123 31 92
124 52 61
125 39 5
126 65 82
127 104 8
128 49 2
128
98
18
116
113
11
37
84
66
27
14
101
35
75
70
34
126
49
41
13
3
51
50
74
118
43
28
19
81
15
103
76
55
69
85
92
61
42
102
22
115
45
91
108
68
44
100
65
16
95
5
57
125
114
110
12
109
96
124
24
104
89
72
60
122
31
120
62
7
119
56
52
79
2
9
32
94
77
64
121
6
90
40
88
59
97
63
67
93
17
127
8
21
111
25
112
107
39
80
30
23
58
48
38
123
106
29
10
87
20
47
73
53
117
105
36
83
78
4
26
54
99
86
33
82
71
46
