128 127
2 1 3
3 2 82
4 3 45
5 3 40
6 5 106
7 4 91
8 7 73
9 1 103
10 3 40
11 7 56
12 6 53
13 8 66
14 7 109
15 14 44
16 5 83
17 10 98
18 2 22
19 8 126
20 19 21
21 13 74
22 11 62
23 14 109
24 21 76
25 21 20
26 24 82
27 25 103
28 23 42
29 3 35
30 28 62
31 2 89
32 31 8
33 28 35
34 27 79
35 7 49
36 13 5
37 4 7
38 16 30
39 3 75
40 28 23
41 10 51
42 40 80
43 18 22
44 33 50
45 6 5
46 24 59
47 36 40
48 26 95
49 11 43
50 15 106
51 45 11
52 4 80
53 10 80
54 3 89
55 1 115
56 54 38
57 7 79
58 53 127
59 24 15
60 35 43
61 17 109
62 29 76
63 31 116
64 60 76
65 2 68
66 17 93
67 23 26
68 44 80
69 27 40
70 43 58
71 57 67
72 65 30
73 34 60
74 40 7
75 23 115
76 66 120
77 13 8
78 77 95
79 69 55
80 55 15
81 63 7
82 46 7
83 26 66
84 5 1
85 38 96
86 9 74
87 66 2
88 68 72
89 72 15
90 55 108
91 46 33
92 57 124
93 33 103
94 37 63
95 73 108
96 7 120
97 19 118
98 63 36
99 97 31
100 59 110
101 46 111
102 35 55
103 96 55
104 29 85
105 37 111
106 55 127
107 59 127
108 35 47
109 16 71
110 60 124
111 96 57
112 22 61
113 15 55
114 70 89
115 110 15
116 58 29
117 89 21
118 51 86
119 111 49
120 28 121
121 120 19
122 36 56
123 43 35
124 66 81
125 99 78
126 91 121
127 97 50
128 21 99
32
68
4
74
40
46
127
108
71
79
125
96
6
109
99
19
60
59
7
31
52
36
3
13
80
25
87
104
64
10
110
107
33
14
66
16
54
39
97
65
116
42
45
113
30
95
2
37
38
11
58
49
50
120
100
24
91
114
112
122
119
117
101
83
56
41
72
106
15
75
73
27
105
111
118
34
81
67
70
93
76
103
126
9
115
121
92
55
43
128
78
26
102
86
85
51
88
90
48
57
28
94
89
20
12
61
47
8
62
44
98
29
23
35
17
18
77
69
123
84
124
63
53
22
21
5
82
