128 127
2 1 79
3 1 87
4 2 102
5 2 68
6 2 46
7 5 32
8 5 46
9 8 23
10 4 65
11 8 103
12 11 93
13 10 60
14 4 76
15 7 36
16 7 60
17 5 115
18 17 85
19 18 3
20 4 39
21 17 101
22 19 61
23 12 76
24 18 6
25 15 100
26 16 47
27 18 48
28 10 100
29 7 21
30 19 112
31 11 93
32 10 80
33 22 31
34 22 92
35 30 118
36 32 90
37 13 62
38 10 82
39 31 75
40 28 41
41 1 35
42 30 97
43 23 4
44 1 26
45 23 65
46 44 55
47 9 20
48 5 9
49 6 28
50 25 48
51 44 7
52 9 27
53 9 109
54 21 94
55 53 5
56 55 12
57 6 92
58 47 39
59 44 87
60 48 42
61 44 128
62 21 127
63 21 1
64 33 123
65 63 101
66 48 77
67 26 62
68 24 16
69 66 9
70 30 88
71 33 61
72 63 42
73 18 59
74 49 63
75 52 115
76 17 85
77 57 101
78 49 110
79 69 56
80 11 119
81 18 119
82 74 61
83 70 5
84 68 122
85 72 114
86 71 70
87 84 81
88 49 107
89 28 43
90 57 106
91 66 61
92 50 100
93 76 15
94 15 120
95 67 120
96 89 104
97 1 65
98 49 122
99 12 26
100 68 34
101 4 76
102 25 35
103 5 98
104 66 45
105 31 14
106 4 127
107 56 7
108 60 70
109 97 10
110 46 29
111 32 85
112 105 92
113 57 32
114 80 97
115 36 15
116 48 116
117 24 9
118 29 46
119 11 64
120 9 89
121 78 1
122 12 50
123 32 73
124 23 114
125 88 4
126 23 120
127 108 24
128 95 95
119
100
44
63
117
126
8
46
113
62
105
51
9
54
115
123
33
29
81
35
93
103
69
118
59
97
11
99
71
38
4
21
55
80
16
60
114
121
19
5
68
109
77
102
53
75
64
85
7
74
98
48
89
84
111
91
87
104
30
107
120
2
15
76
92
36
56
23
49
70
43
94
112
90
27
34
65
58
14
32
95
40
88
37
83
24
18
39
50
72
41
22
108
45
20
57
47
12
3
31
106
28
110
17
52
66
61
122
10
116
13
42
25
6
125
73
124
128
78
127
96
86
82
79
26
101
67
