128 127
2 1 105
3 1 120
4 1 33
5 1 71
6 4 56
7 4 52
8 3 92
9 5 60
10 5 66
11 4 114
12 4 91
13 10 22
14 12 13
15 13 8
16 13 22
17 12 69
18 10 59
19 15 75
20 2 24
21 7 123
22 17 121
23 14 109
24 13 47
25 24 46
26 16 76
27 19 1
28 12 121
29 11 67
30 28 121
31 13 101
32 25 59
33 5 108
34 21 98
35 32 31
36 27 64
37 29 95
38 9 16
39 31 41
40 31 34
41 20 105
42 34 121
43 29 24
44 20 91
45 2 62
46 31 90
47 45 78
48 1 28
49 14 66
50 19 36
51 28 7
52 32 125
53 27 101
54 13 55
55 8 88
56 41 55
57 44 16
58 51 118
59 38 27
60 40 3
61 6 119
62 40 126
63 36 64
64 13 44
65 6 103
66 54 52
67 65 110
68 49 18
69 25 47
70 15 72
71 30 51
72 50 81
73 62 11
74 45 62
75 65 39
76 32 120
77 37 127
78 63 103
79 47 61
80 5 92
81 75 33
82 40 92
83 3 61
84 19 69
85 52 6
86 36 75
87 72 8
88 65 34
89 1 51
90 1 58
91 62 113
92 22 54
93 44 106
94 58 76
95 88 16
96 12 47
97 30 5
98 73 27
99 38 75
100 57 44
101 94 63
102 68 128
103 41 108
104 47 111
105 18 73
106 30 13
107 26 5
108 52 5
109 80 42
110 46 91
111 12 43
112 55 84
113 86 73
114 97 109
115 3 89
116 70 79
117 42 30
118 103 114
119 45 67
120 10 40
121 81 81
122 35 3
123 53 88
124 105 90
125 63 108
126 45 5
127 56 30
128 113 49
2
104
44
94
58
105
67
115
11
25
87
73
41
43
82
17
76
38
40
29
52
8
55
63
18
102
46
101
10
107
121
80
57
51
47
81
20
71
91
83
33
15
42
9
61
13
66
27
56
95
36
50
31
37
69
118
3
49
89
70
62
21
79
119
122
88
48
78
128
54
26
64
109
98
53
14
114
97
103
111
6
123
7
110
23
92
30
116
74
86
39
28
77
90
85
34
113
5
108
60
65
120
112
16
93
19
117
126
84
72
32
24
124
100
35
45
22
99
75
12
4
125
59
96
127
106
68
