128 127
2 1 30
3 2 10
4 1 58
5 4 48
6 2 106
7 5 35
8 5 93
9 8 75
10 9 52
11 9 59
12 8 103
13 4 108
14 13 60
15 4 101
16 4 2
17 1 112
18 15 33
19 14 42
20 1 56
21 9 113
22 12 56
23 5 60
24 22 127
25 24 48
26 23 12
27 3 45
28 3 49
29 6 37
30 7 126
31 26 41
32 26 61
33 6 16
34 2 35
35 27 56
36 19 70
37 23 2
38 8 46
39 27 19
40 24 61
41 6 54
42 30 97
43 31 30
44 37 67
45 39 61
46 33 49
47 9 25
48 25 115
49 15 127
50 35 79
51 34 61
52 6 2
53 22 51
54 28 9
55 7 79
56 17 37
57 1 24
58 10 81
59 42 10
60 20 25
61 7 21
62 50 121
63 20 80
64 61 21
65 64 75
66 63 72
67 1 92
68 60 87
69 60 46
70 65 56
71 28 67
72 63 46
73 56 63
74 34 102
75 65 13
76 23 20
77 73 109
78 65 24
79 42 9
80 52 57
81 49 88
82 64 58
83 51 79
84 47 57
85 34 74
86 10 101
87 24 117
88 20 101
89 40 85
90 61 62
91 86 12
92 66 32
93 55 112
94 1 83
95 30 64
96 27 106
97 71 64
98 78 27
99 62 29
100 4 8
101 25 12
102 87 95
103 100 45
104 7 117
105 69 56
106 46 34
107 94 27
108 13 91
109 88 77
110 8 111
111 52 89
112 10 42
113 14 125
114 77 36
115 46 79
116 18 117
117 95 8
118 33 63
119 72 57
120 112 24
121 76 122
122 12 2
123 82 4
124 29 29
125 69 81
126 15 108
127 42 64
128 77 109
95
96
21
56
121
75
88
12
113
68
124
61
115
11
7
13
89
51
105
22
40
6
19
28
29
46
114
83
128
4
82
111
60
48
103
65
119
52
125
106
25
14
110
39
31
118
98
99
85
23
59
35
104
74
78
43
32
127
80
30
44
120
84
81
10
108
90
76
15
18
87
55
20
17
62
107
27
49
45
67
58
73
86
38
26
116
24
57
3
9
37
112
117
92
16
36
41
122
70
8
71
79
69
54
102
72
93
33
100
109
126
77
42
5
123
47
66
94
53
91
50
2
101
34
97
64
63
