128 127
2 1 48
3 2 128
4 2 88
5 4 45
6 2 90
7 3 50
8 5 40
9 6 98
10 6 92
11 1 123
12 11 7
13 3 32
14 8 59
15 6 114
16 9 58
17 2 41
18 10 8
19 13 27
20 18 44
21 17 36
22 1 91
23 21 62
24 18 59
25 22 90
26 11 96
27 1 65
28 15 44
29 12 54
30 13 33
31 9 8
32 13 28
33 23 69
34 3 59
35 1 107
36 8 19
37 12 83
38 28 5
39 18 59
40 11 76
41 13 98
42 22 118
43 36 9
44 12 49
45 30 105
46 34 118
47 16 6
48 21 20
49 47 115
50 16 67
51 7 12
52 33 61
53 43 44
54 48 18
55 16 60
56 15 78
57 7 56
58 40 4
59 33 85
60 51 30
61 7 98
62 18 58
63 58 5
64 39 53
65 23 75
66 48 54
67 15 12
68 36 21
69 48 110
70 51 44
71 53 62
72 2 63
73 62 20
74 19 75
75 71 12
76 8 92
77 48 90
78 11 67
79 7 89
80 32 7
81 49 127
82 72 26
83 30 39
84 7 98
85 82 57
86 5 18
87 46 27
88 15 42
89 8 4
90 76 44
91 10 22
92 12 97
93 3 1
94 5 89
95 37 89
96 31 95
97 14 126
98 93 40
99 23 78
100 21 37
101 65 111
102 12 112
103 87 113
104 1 99
105 99 69
106 101 99
107 56 33
108 29 113
109 44 68
110 3 22
111 61 108
112 96 110
113 77 76
114 40 35
115 86 45
116 91 23
117 16 21
118 51 11
119 104 5
120 50 53
121 11 78
122 112 2
123 60 24
124 89 6
125 46 114
126 69 19
127 122 26
128 21 104
127
13
123
7
96
22
72
24
50
66
88
61
17
9
89
43
35
49
8
48
108
26
20
34
10
59
53
118
105
93
29
6
98
95
120
117
113
31
46
52
86
73
63
124
60
126
85
68
106
12
58
47
111
102
128
51
37
75
71
3
25
91
69
32
38
97
65
28
33
23
83
82
18
57
67
44
81
125
45
76
121
70
100
79
94
27
2
78
15
107
5
110
56
84
115
114
103
104
90
40
119
41
80
116
30
21
92
14
112
42
4
54
55
62
99
36
77
101
109
19
11
74
122
64
87
16
39
