128 127
2 1 38
3 2 7
4 1 42
5 3 80
6 4 39
7 4 122
8 3 85
9 8 53
10 3 48
11 8 78
12 1 78
13 7 109
14 5 71
15 6 95
16 13 32
17 13 104
18 14 119
19 9 5
20 3 90
21 19 115
22 14 49
23 5 95
24 9 77
25 24 118
26 16 70
27 25 21
28 20 121
29 10 17
30 10 127
31 21 97
32 30 123
33 28 66
34 16 75
35 28 8
36 11 112
37 6 36
38 26 108
39 12 17
40 36 98
41 16 120
42 27 3
43 12 3
44 5 30
45 16 35
46 27 26
47 20 33
48 1 96
49 28 1
50 18 89
51 37 23
52 9 68
53 15 106
54 7 89
55 50 30
56 55 77
57 22 20
58 30 78
59 58 86
60 12 27
61 60 96
62 7 30
63 23 74
64 39 114
65 5 34
66 27 84
67 66 26
68 48 38
69 44 6
70 35 26
71 16 82
72 11 98
73 38 39
74 69 34
75 22 74
76 17 24
77 29 41
78 47 5
79 37 54
80 50 18
81 39 95
82 15 108
83 55 32
84 41 37
85 45 124
86 19 36
87 5 117
88 19 30
89 71 40
90 43 72
91 41 105
92 45 97
93 31 46
94 32 54
95 90 127
96 73 19
97 62 46
98 92 67
99 9 63
100 36 112
101 49 87
102 66 32
103 53 38
104 80 118
105 65 121
106 66 6
107 100 87
108 51 125
109 34 82
110 80 52
111 103 88
112 103 78
113 89 69
114 57 95
115 51 43
116 34 54
117 26 42
118 21 100
119 33 104
120 74 73
121 76 101
122 49 84
123 51 110
124 17 68
125 39 63
126 116 25
127 57 41
128 88 92
127
9
47
75
105
23
52
106
58
56
97
34
116
104
7
46
125
103
122
67
110
49
57
6
4
79
42
17
14
45
80
77
108
50
117
51
86
72
74
28
24
10
78
92
128
83
124
62
69
63
98
93
113
13
126
111
99
31
25
27
82
26
22
35
18
90
29
114
112
115
19
85
96
11
5
41
71
32
39
43
59
66
8
40
100
76
21
48
61
65
20
30
94
91
121
118
81
89
73
3
37
38
64
55
87
33
68
101
120
15
109
60
53
95
88
107
54
70
2
12
44
36
119
84
123
16
102
