128 127
2 1 12
3 2 6
4 2 67
5 2 61
6 4 9
7 3 110
8 5 79
9 1 65
10 6 4
11 2 16
12 1 7
13 5 91
14 11 48
15 14 104
16 10 78
17 2 41
18 4 61
19 18 105
20 1 72
21 8 58
22 7 34
23 1 51
24 21 64
25 5 64
26 23 101
27 21 52
28 1 122
29 7 13
30 11 23
31 11 99
32 8 69
33 15 125
34 5 53
35 12 115
36 18 85
37 8 50
38 24 52
39 32 8
40 32 59
41 8 75
42 39 54
43 16 3
44 15 120
45 43 82
46 6 96
47 38 73
48 22 67
49 44 29
50 41 109
51 37 93
52 47 67
53 42 53
54 2 108
55 24 1
56 29 127
57 7 79
58 2 16
59 7 61
60 52 123
61 23 9
62 4 33
63 13 68
64 53 52
65 16 47
66 44 14
67 52 82
68 28 107
69 68 1
70 56 123
71 40 95
72 35 104
73 43 57
74 7 33
75 57 78
76 5 28
77 44 47
78 55 16
79 23 9
80 66 112
81 45 97
82 8 93
83 26 18
84 9 88
85 25 92
86 53 17
87 64 2
88 42 103
89 50 54
90 70 49
91 48 125
92 89 75
93 57 46
94 3 77
95 80 106
96 58 110
97 58 114
98 16 68
99 5 114
100 35 99
101 33 77
102 59 71
103 26 108
104 82 20
105 65 92
106 53 82
107 65 54
108 1 35
109 72 53
110 22 14
111 86 2
112 7 67
113 44 90
114 96 120
115 37 107
116 82 24
117 3 43
118 93 7
119 58 15
120 16 1
121 78 25
122 56 110
123 46 12
124 80 3
125 99 12
126 49 7
127 90 18
128 80 109
120
33
119
92
50
59
87
124
116
96
40
6
4
27
17
85
55
118
37
99
14
94
18
25
74
30
62
52
56
28
114
2
97
8
49
47
107
54
58
10
43
93
57
108
109
123
64
20
66
36
98
95
15
39
68
76
46
106
73
63
105
86
102
45
89
79
67
101
12
81
84
70
78
115
31
117
5
127
122
42
32
44
128
38
125
69
7
113
26
111
71
9
110
65
11
3
22
112
77
90
91
61
34
126
121
41
13
88
103
21
48
100
104
80
16
19
53
83
29
24
51
82
23
35
72
60
75
