128 127
2 1 7
3 1 42
4 2 49
5 1 37
6 2 38
7 1 28
8 1 69
9 1 36
10 8 104
11 3 97
12 8 38
13 11 4
14 4 28
15 6 6
16 15 6
17 16 91
18 9 96
19 5 119
20 4 37
21 4 23
22 20 27
23 12 15
24 10 64
25 3 114
26 22 127
27 23 40
28 20 112
29 10 39
30 23 1
31 13 52
32 19 103
33 18 29
34 8 106
35 19 87
36 27 96
37 2 68
38 28 45
39 9 108
40 31 35
41 20 30
42 9 3
43 28 39
44 3 98
45 3 81
46 15 35
47 34 105
48 40 98
49 1 82
50 39 17
51 6 35
52 24 118
53 9 127
54 34 91
55 52 53
56 5 27
57 26 98
58 1 7
59 20 64
60 2 29
61 7 32
62 4 12
63 9 107
64 45 103
65 6 106
66 30 66
67 57 108
68 30 10
69 10 19
70 12 39
71 58 28
72 50 27
73 43 28
74 16 47
75 41 40
76 54 109
77 15 2
78 15 85
79 60 98
80 78 69
81 66 49
82 55 95
83 77 106
84 18 128
85 42 109
86 1 87
87 41 96
88 25 109
89 8 115
90 8 47
91 61 127
92 21 17
93 90 118
94 16 101
95 59 64
96 18 2
97 65 96
98 12 104
99 43 65
100 83 43
101 77 96
102 60 79
103 36 57
104 56 103
105 25 44
106 35 45
107 39 66
108 11 52
109 81 63
110 9 87
111 15 104
112 44 27
113 45 72
114 103 7
115 23 44
116 80 8
117 26 63
118 75 102
119 46 25
120 45 29
121 51 91
122 55 96
123 43 71
124 54 95
125 33 9
126 110 4
127 69 7
128 52 62
26
89
113
14
10
80
98
55
70
59
62
24
34
15
112
35
54
81
69
93
77
6
20
40
57
100
4
7
39
117
41
51
99
37
95
85
64
94
76
101
72
75
61
110
16
44
82
63
25
5
126
38
125
47
109
121
11
71
105
46
17
45
102
43
13
79
83
86
65
18
31
116
30
124
123
23
42
48
2
60
97
120
21
96
118
103
122
127
68
106
78
73
92
67
84
33
128
9
12
108
119
90
104
115
58
56
53
36
3
50
32
27
87
28
107
49
66
91
19
52
29
111
8
114
88
74
22
