128 127
2 1 64
3 2 78
4 1 43
5 3 120
6 3 32
7 6 38
8 6 4
9 1 103
10 1 118
11 1 94
12 2 114
13 12 78
14 1 38
15 8 35
16 11 52
17 10 51
18 5 48
19 5 87
20 3 16
21 17 62
22 2 23
23 21 24
24 12 100
25 11 66
26 11 32
27 2 17
28 11 98
29 6 122
30 26 110
31 28 20
32 13 4
33 18 76
34 25 35
35 10 4
36 24 28
37 19 124
38 34 56
39 34 89
40 25 14
41 23 18
42 1 65
43 26 20
44 26 32
45 22 25
46 17 30
47 20 27
48 30 58
49 8 52
50 4 79
51 50 29
52 7 43
53 23 16
54 5 13
55 47 93
56 35 100
57 37 48
58 23 118
59 57 104
60 1 121
61 22 122
62 17 45
63 4 95
64 7 121
65 5 11
66 45 27
67 20 5
68 66 123
69 12 72
70 17 6
71 42 5
72 47 48
73 22 84
74 45 60
75 55 84
76 43 118
77 6 63
78 75 57
79 46 12
80 61 89
81 20 40
82 16 54
83 21 102
84 58 103
85 6 57
86 49 64
87 41 26
88 18 55
89 62 3
90 51 20
91 9 23
92 54 117
93 91 128
94 33 93
95 55 74
96 78 58
97 56 34
98 67 73
99 82 85
100 74 92
101 50 57
102 98 123
103 24 70
104 62 117
105 85 124
106 56 56
107 76 65
108 40 73
109 28 15
110 43 47
111 14 115
112 18 18
113 98 6
114 70 13
115 54 118
116 33 94
117 110 78
118 64 127
119 5 126
120 10 82
121 19 117
122 91 68
123 115 43
124 76 89
125 68 22
126 124 56
127 49 84
128 77 75
98
76
54
38
66
33
46
90
48
110
115
86
70
120
114
35
47
93
124
128
42
92
69
12
94
65
39
17
30
118
105
34
22
37
57
82
31
19
113
50
8
11
60
111
71
112
28
41
67
125
104
14
43
6
10
56
91
80
81
106
89
84
64
2
101
127
85
21
27
4
15
45
18
36
53
72
78
51
63
96
24
49
95
68
119
73
13
121
5
100
123
20
122
58
102
83
32
75
44
29
7
26
25
52
40
109
9
99
3
108
23
116
88
97
55
79
117
107
62
126
59
77
16
61
87
74
103
