128 127
2 1 26
3 2 75
4 2 40
5 2 52
6 4 22
7 5 29
8 4 110
9 4 115
10 8 85
11 9 24
12 5 50
13 8 51
14 6 89
15 6 128
16 12 61
17 11 6
18 9 59
19 7 114
20 10 98
21 6 9
22 8 38
23 17 110
24 2 77
25 22 54
26 3 23
27 9 126
28 1 33
29 9 107
30 5 21
31 25 16
32 5 48
33 13 57
34 13 37
35 23 30
36 22 10
37 33 65
38 33 68
39 12 19
40 33 38
41 23 19
42 21 24
43 39 121
44 36 108
45 3 106
46 4 112
47 6 57
48 25 36
49 20 15
50 47 1
51 10 46
52 45 105
53 36 127
54 25 4
55 9 92
56 29 72
57 10 44
58 6 55
59 41 62
60 37 96
61 5 92
62 41 69
63 45 16
64 12 123
65 59 7
66 3 22
67 66 94
68 40 100
69 68 17
70 17 120
71 17 65
72 66 92
73 4 88
74 67 120
75 44 44
76 48 122
77 52 105
78 19 70
79 68 50
80 7 94
81 25 128
82 77 10
83 3 10
84 48 86
85 72 125
86 16 3
87 67 24
88 35 78
89 69 4
90 80 111
91 59 52
92 1 5
93 64 24
94 5 18
95 69 126
96 90 26
97 66 4
98 19 29
99 76 6
100 11 115
101 81 12
102 43 80
103 16 58
104 94 118
105 53 31
106 89 52
107 106 33
108 52 114
109 25 54
110 19 26
111 7 86
112 49 27
113 40 125
114 36 113
115 57 115
116 114 58
117 29 6
118 46 79
119 26 33
120 42 43
121 15 37
122 62 74
123 84 92
124 97 8
125 1 99
126 115 49
127 75 20
128 118 52
64
40
109
53
120
76
26
101
87
59
119
73
93
11
10
121
16
95
62
31
9
8
35
113
33
96
48
126
37
63
14
4
44
77
90
75
84
97
98
22
27
102
47
68
23
100
81
125
86
13
30
118
80
114
74
106
29
21
107
82
67
34
55
15
124
115
57
111
49
66
7
24
104
70
17
18
28
3
105
50
79
39
19
112
25
127
5
122
6
85
20
41
116
92
43
110
52
46
99
54
91
32
103
60
88
123
56
89
36
69
128
71
51
58
94
78
38
108
83
61
117
12
45
65
2
42
72
