128 127
2 1 11
3 1 47
4 3 113
5 4 12
6 2 11
7 6 118
8 6 55
9 6 23
10 5 116
11 4 99
12 8 90
13 12 90
14 6 73
15 8 53
16 10 115
17 11 32
18 12 42
19 4 103
20 16 11
21 18 112
22 15 85
23 7 64
24 12 44
25 11 34
26 24 38
27 11 33
28 16 117
29 19 45
30 7 100
31 4 12
32 22 122
33 30 68
34 33 83
35 4 93
36 33 91
37 28 17
38 15 61
39 28 102
40 19 54
41 3 6
42 36 98
43 31 40
44 30 8
45 18 14
46 9 63
47 11 32
48 12 7
49 32 103
50 28 46
51 39 116
52 2 62
53 5 60
54 17 79
55 8 103
56 38 93
57 30 24
58 7 67
59 44 60
60 14 112
61 32 8
62 25 90
63 2 6
64 3 97
65 14 55
66 60 115
67 4 116
68 63 89
69 23 41
70 57 72
71 18 6
72 3 88
73 37 63
74 11 88
75 65 51
76 42 15
77 59 120
78 75 35
79 54 43
80 53 105
81 52 9
82 3 13
83 39 5
84 16 17
85 63 30
86 43 88
87 75 90
88 28 8
89 65 2
90 32 15
91 65 94
92 68 42
93 36 108
94 49 6
95 38 54
96 80 115
97 13 114
98 40 56
99 84 44
100 7 100
101 93 24
102 60 65
103 18 102
104 11 45
105 8 89
106 32 76
107 95 66
108 29 15
109 52 97
110 70 59
111 48 24
112 98 42
113 6 42
114 53 107
115 70 63
116 5 10
117 110 121
118 102 3
119 116 43
120 106 34
121 43 5
122 54 15
123 55 78
124 39 3
125 120 34
126 90 40
127 71 117
128 118 11
40
74
23
63
9
3
84
53
44
107
118
36
15
68
105
34
50
11
59
60
20
39
65
101
18
116
117
13
45
5
86
29
8
73
95
58
112
25
4
14
46
111
21
123
78
103
77
122
99
96
93
30
38
106
89
110
82
26
27
52
72
94
128
22
24
80
87
115
43
57
10
102
69
91
113
75
127
37
76
66
114
97
17
79
100
54
85
35
16
81
90
2
108
31
47
19
56
71
12
41
32
49
70
126
83
61
51
42
7
67
119
64
104
124
109
6
62
55
92
48
125
33
28
88
121
98
120
