128 127
2 1 22
3 1 104
4 1 83
5 2 5
6 1 80
7 2 31
8 7 12
9 7 119
10 6 110
11 4 3
12 1 73
13 5 6
14 1 10
15 6 39
16 4 37
17 5 70
18 4 26
19 2 122
20 1 112
21 18 57
22 7 120
23 10 9
24 7 40
25 21 112
26 21 67
27 15 17
28 22 55
29 24 105
30 27 46
31 3 88
32 19 67
33 20 50
34 33 2
35 6 21
36 20 16
37 1 90
38 28 116
39 19 60
40 10 59
41 27 74
42 38 128
43 40 96
44 24 103
45 38 10
46 14 35
47 44 13
48 36 71
49 41 75
50 9 116
51 7 33
52 25 104
53 52 7
54 25 10
55 10 70
56 15 102
57 16 71
58 46 24
59 4 119
60 28 32
61 44 60
62 34 46
63 12 23
64 38 112
65 14 67
66 47 111
67 24 36
68 53 40
69 60 126
70 61 80
71 56 90
72 38 100
73 63 114
74 53 65
75 46 70
76 52 28
77 16 58
78 50 65
79 14 51
80 17 49
81 25 99
82 3 86
83 42 86
84 61 42
85 49 102
86 22 99
87 20 36
88 10 108
89 32 23
90 38 26
91 73 100
92 16 126
93 85 8
94 44 120
95 27 125
96 68 117
97 46 100
98 13 42
99 87 82
100 54 14
101 35 35
102 1 125
103 8 71
104 48 75
105 53 89
106 61 36
107 9 114
108 22 64
109 2 82
110 95 80
111 108 36
112 35 77
113 9 82
114 22 9
115 63 74
116 69 5
117 114 56
118 41 21
119 24 27
120 24 93
121 19 54
122 27 107
123 22 3
124 109 121
125 35 83
126 50 46
127 33 99
128 75 121
9
127
93
24
23
111
57
92
95
128
103
77
86
108
107
112
61
59
85
79
53
67
42
20
126
125
75
118
40
80
41
62
14
119
124
82
5
122
35
32
36
60
64
10
74
46
51
109
116
3
13
94
114
18
26
28
70
102
76
88
96
44
104
98
78
7
66
65
8
71
58
55
16
21
121
29
19
38
101
84
47
54
15
68
73
100
87
30
45
56
27
69
39
106
22
89
12
31
4
48
110
50
49
25
117
33
115
81
2
99
90
34
97
91
11
123
6
105
63
43
72
17
113
52
37
83
120
