128 127
2 1 34
3 1 91
4 2 83
5 3 70
6 5 45
7 1 75
8 3 95
9 7 105
10 9 27
11 6 74
12 1 50
13 1 43
14 10 46
15 7 19
16 15 95
17 10 121
18 5 99
19 5 13
20 17 4
21 7 8
22 9 111
23 10 73
24 6 88
25 8 53
26 21 44
27 21 44
28 8 16
29 2 53
30 15 46
31 7 48
32 16 47
33 9 100
34 12 54
35 25 20
36 2 68
37 16 105
38 13 26
39 29 67
40 32 113
41 7 63
42 9 88
43 27 92
44 16 101
45 11 11
46 24 68
47 23 93
48 29 9
49 19 58
50 2 79
51 15 122
52 13 15
53 22 99
54 48 73
55 1 3
56 31 126
57 25 101
58 22 44
59 19 97
60 52 16
61 6 11
62 2 121
63 6 70
64 21 30
65 60 82
66 7 58
67 13 89
68 47 5
69 54 10
70 54 89
71 36 86
72 65 84
73 10 9
74 9 64
75 28 63
76 38 45
77 38 105
78 18 121
79 66 9
80 31 93
81 75 113
82 35 27
83 13 47
84 66 48
85 67 119
86 47 96
87 75 96
88 7 76
89 61 22
90 84 94
91 62 59
92 57 127
93 29 22
94 27 53
95 21 83
96 79 38
97 50 34
98 77 33
99 68 30
100 54 32
101 89 32
102 93 71
103 87 32
104 38 40
105 47 37
106 91 104
107 12 26
108 77 107
109 80 125
110 13 109
111 103 63
112 28 40
113 42 42
114 38 5
115 91 87
116 48 5
117 103 94
118 21 96
119 31 101
120 29 46
121 25 78
122 106 11
123 107 52
124 60 96
125 107 123
126 103 72
127 28 24
128 62 75
93
54
65
26
46
20
86
71
37
45
2
33
21
90
35
119
78
114
99
10
56
123
43
67
120
70
28
113
23
44
127
24
7
122
89
101
106
40
25
59
48
62
84
115
76
6
63
68
52
53
49
27
60
121
125
14
95
128
29
74
11
57
58
111
36
92
80
39
82
104
97
17
61
102
75
22
91
38
42
109
30
4
34
18
3
15
96
118
81
72
94
12
105
108
41
112
55
51
87
83
16
19
107
79
66
31
103
64
8
13
85
117
69
5
126
73
9
32
116
47
100
88
98
77
110
50
124
