128 127
2 1 2
3 2 119
4 3 115
5 1 6
6 3 98
7 2 59
8 1 43
9 5 86
10 4 16
11 5 24
12 3 42
13 11 76
14 12 26
15 10 89
16 6 20
17 2 19
18 6 25
19 18 89
20 15 74
21 18 117
22 8 121
23 14 76
24 9 111
25 20 109
26 14 61
27 1 99
28 7 121
29 16 124
30 26 45
31 13 6
32 9 108
33 5 54
34 19 124
35 28 11
36 8 70
37 32 82
38 8 123
39 37 73
40 3 56
41 29 1
42 30 113
43 40 120
44 32 76
45 1 14
46 10 116
47 13 63
48 14 76
49 16 57
50 11 101
51 4 84
52 14 34
53 33 123
54 34 2
55 32 27
56 37 31
57 46 78
58 57 118
59 40 18
60 7 45
61 46 101
62 48 90
63 20 59
64 9 2
65 56 37
66 6 94
67 25 90
68 37 104
69 27 23
70 32 51
71 36 121
72 1 113
73 41 70
74 31 26
75 46 1
76 6 117
77 23 61
78 76 75
79 15 60
80 38 39
81 10 67
82 43 81
83 38 10
84 79 23
85 20 28
86 17 2
87 36 75
88 31 67
89 14 87
90 19 123
91 86 50
92 14 81
93 15 62
94 12 25
95 16 87
96 61 118
97 52 84
98 88 101
99 95 47
100 31 56
101 99 73
102 54 89
103 70 63
104 62 47
105 97 33
106 84 123
107 46 94
108 5 1
109 93 101
110 17 98
111 32 81
112 109 17
113 30 56
114 59 84
115 105 125
116 23 20
117 28 67
118 17 50
119 55 20
120 118 109
121 93 40
122 53 19
123 92 29
124 67 34
125 70 19
126 74 14
127 57 89
128 48 23
91
29
41
125
35
89
116
124
99
22
80
45
15
54
36
97
106
7
31
11
58
76
21
64
8
111
56
96
62
2
101
85
78
52
102
65
77
95
47
119
93
37
43
118
126
115
114
28
83
32
13
53
87
74
112
24
5
60
16
108
34
19
104
42
4
90
122
117
23
38
84
10
88
59
66
68
48
107
25
92
100
67
127
46
110
26
79
128
49
103
17
109
81
94
39
51
33
50
86
120
57
72
113
20
69
98
121
71
63
3
61
75
9
55
82
14
40
44
105
27
18
70
12
6
73
123
30
