128 127
2 1 84
3 1 60
4 3 120
5 4 93
6 1 23
7 5 24
8 5 53
9 5 47
10 4 4
11 1 105
12 7 52
13 12 41
14 1 46
15 2 115
16 15 107
17 1 57
18 4 4
19 16 91
20 3 108
21 3 114
22 18 103
23 16 52
24 12 104
25 12 104
26 14 24
27 5 44
28 11 28
29 28 79
30 21 27
31 2 70
32 19 110
33 19 98
34 30 11
35 23 123
36 13 52
37 17 20
38 13 81
39 32 27
40 20 56
41 1 23
42 8 32
43 33 49
44 28 116
45 5 97
46 7 51
47 34 65
48 43 93
49 16 121
50 7 51
51 35 122
52 27 67
53 42 79
54 47 53
55 17 95
56 30 1
57 56 126
58 40 80
59 51 22
60 53 19
61 8 122
62 21 77
63 45 23
64 36 73
65 4 17
66 33 37
67 61 62
68 22 36
69 13 82
70 1 113
71 45 45
72 5 39
73 68 37
74 66 46
75 14 110
76 75 74
77 51 63
78 54 35
79 27 63
80 26 61
81 48 24
82 19 96
83 59 29
84 73 106
85 37 94
86 42 46
87 61 70
88 83 125
89 1 84
90 18 120
91 8 81
92 14 40
93 4 73
94 83 46
95 1 43
96 87 61
97 55 38
98 55 83
99 55 48
100 83 46
101 37 59
102 72 99
103 76 37
104 8 41
105 82 59
106 13 49
107 52 101
108 25 103
109 97 93
110 46 29
111 14 88
112 1 48
113 29 49
114 112 20
115 26 119
116 48 23
117 110 1
118 72 86
119 20 12
120 12 2
121 82 119
122 64 65
123 22 107
124 102 94
125 58 22
126 86 100
127 75 4
128 103 46
126
46
106
27
41
29
107
35
28
76
12
40
114
63
23
98
58
108
93
94
127
49
44
66
67
109
119
97
34
62
5
91
112
54
57
116
52
110
70
53
13
73
120
55
25
79
20
6
56
111
42
118
96
105
113
100
17
43
92
64
123
61
18
102
11
39
99
3
82
72
85
83
2
32
87
81
121
8
104
16
71
4
37
48
51
69
38
36
74
101
26
19
15
30
65
50
117
84
24
22
68
75
7
78
33
59
21
47
128
122
77
125
90
103
115
89
60
88
124
10
31
80
9
86
14
95
45
