128 127
2 1 128
3 2 4
4 1 70
5 4 72
6 3 38
7 4 80
8 7 128
9 3 91
10 6 9
11 10 5
12 11 110
13 12 111
14 8 13
15 5 75
16 10 124
17 3 10
18 16 70
19 9 66
20 6 43
21 16 6
22 1 101
23 9 87
24 6 39
25 22 87
26 7 111
27 7 19
28 8 128
29 21 103
30 28 116
31 19 124
32 2 28
33 12 81
34 2 102
35 22 111
36 9 75
37 12 51
38 18 116
39 9 93
40 12 47
41 30 17
42 11 72
43 27 41
44 21 71
45 32 10
46 11 5
47 8 122
48 37 65
49 44 80
50 49 128
51 1 88
52 13 45
53 22 28
54 19 37
55 51 21
56 2 89
57 23 2
58 52 69
59 16 119
60 37 9
61 28 76
62 39 103
63 8 68
64 10 46
65 28 39
66 19 15
67 41 75
68 33 67
69 21 2
70 53 62
71 16 55
72 67 66
73 47 51
74 12 95
75 31 76
76 25 92
77 45 48
78 8 82
79 60 51
80 60 41
81 53 5
82 28 41
83 50 19
84 21 58
85 56 109
86 69 43
87 22 85
88 80 106
89 36 108
90 18 11
91 84 51
92 78 20
93 24 36
94 29 64
95 50 71
96 25 123
97 33 55
98 20 112
99 26 121
100 11 87
101 32 9
102 53 45
103 54 39
104 77 62
105 80 13
106 89 99
107 19 1
108 97 107
109 86 127
110 56 80
111 81 55
112 88 53
113 89 106
114 73 99
115 111 88
116 49 69
117 83 91
118 91 125
119 115 102
120 52 96
121 52 15
122 107 74
123 122 34
124 16 109
125 13 65
126 105 84
127 61 92
128 3 51
92
52
14
47
57
20
6
70
88
74
58
78
62
90
102
103
28
86
85
13
2
100
31
89
36
60
104
12
3
124
43
112
54
59
53
122
93
119
61
95
48
22
40
80
50
105
42
94
35
29
11
101
87
41
66
56
9
107
111
118
34
4
10
67
23
106
37
127
27
91
98
32
120
110
99
38
21
115
117
7
113
26
84
18
16
97
8
51
126
96
123
63
121
75
76
81
64
68
71
69
108
72
65
45
73
25
39
24
109
44
49
55
114
125
30
46
82
77
17
79
19
116
33
5
15
128
83
