128 127
2 1 8
3 2 6
4 1 23
5 2 86
6 2 100
7 5 86
8 7 63
9 7 79
10 6 2
11 6 66
12 8 46
13 5 57
14 9 26
15 11 38
16 11 95
17 10 84
18 16 114
19 16 70
20 5 109
21 16 78
22 6 103
23 10 56
24 22 24
25 17 44
26 16 67
27 9 92
28 14 75
29 24 71
30 17 66
31 25 111
32 4 3
33 28 58
34 15 31
35 6 92
36 14 125
37 22 76
38 20 47
39 35 81
40 7 90
41 32 2
42 27 35
43 17 119
44 2 2
45 10 108
46 8 113
47 16 102
48 3 104
49 2 41
50 24 124
51 2 69
52 3 95
53 13 32
54 39 66
55 42 79
56 26 78
57 8 33
58 31 27
59 2 112
60 19 28
61 23 105
62 5 32
63 1 32
64 51 24
65 24 80
66 33 35
67 7 126
68 52 6
69 29 111
70 26 71
71 43 60
72 11 39
73 34 3
74 71 20
75 47 33
76 32 35
77 8 94
78 4 70
79 23 54
80 5 29
81 78 17
82 36 2
83 20 8
84 15 54
85 13 41
86 6 20
87 38 26
88 60 23
89 19 80
90 38 78
91 72 65
92 31 104
93 57 115
94 49 24
95 6 67
96 58 14
97 21 21
98 41 85
99 66 90
100 64 60
101 86 113
102 82 121
103 36 47
104 32 44
105 75 6
106 81 128
107 39 71
108 56 64
109 48 73
110 95 13
111 15 115
112 102 12
113 8 1
114 34 42
115 3 58
116 99 111
117 37 64
118 75 108
119 109 8
120 14 44
121 20 95
122 24 96
123 102 53
124 87 92
125 56 35
126 53 40
127 123 3
128 47 118
54
84
53
52
27
125
31
112
119
44
68
108
5
91
113
122
56
48
75
17
29
105
82
72
16
41
111
59
76
124
80
22
9
96
65
74
106
97
81
128
64
36
110
49
77
4
10
51
30
45
114
63
3
43
121
37
15
126
26
50
46
78
35
67
115
57
93
127
101
103
47
92
20
70
94
14
107
34
58
28
123
117
66
104
24
32
55
79
25
18
19
11
61
62
85
95
73
116
38
118
86
12
42
109
120
99
88
7
21
8
69
13
39
89
33
98
71
100
6
60
83
2
102
40
23
90
87
