128 127
2 1 113
3 1 29
4 2 1
5 4 8
6 4 88
7 5 15
8 2 122
9 4 60
10 5 78
11 2 67
12 3 22
13 4 103
14 9 87
15 13 86
16 6 60
17 5 39
18 12 50
19 4 32
20 9 110
21 11 27
22 10 119
23 3 46
24 18 41
25 10 79
26 13 33
27 21 112
28 7 117
29 24 41
30 15 44
31 11 7
32 13 71
33 13 71
34 32 16
35 27 77
36 16 36
37 3 25
38 18 74
39 20 77
40 32 42
41 12 67
42 20 8
43 37 128
44 30 15
45 28 29
46 39 104
47 28 21
48 16 89
49 41 82
50 2 112
51 25 42
52 27 119
53 6 62
54 29 101
55 35 48
56 50 124
57 20 39
58 10 93
59 9 95
60 36 41
61 34 82
62 12 66
63 30 68
64 6 111
65 44 43
66 40 18
67 45 73
68 35 126
69 39 35
70 33 90
71 63 27
72 13 117
73 5 115
74 40 124
75 30 73
76 32 114
77 21 23
78 22 88
79 10 70
80 35 78
81 71 74
82 2 124
83 59 51
84 65 35
85 58 1
86 75 36
87 33 116
88 74 74
89 5 55
90 69 103
91 31 125
92 13 61
93 6 85
94 7 42
95 41 6
96 12 35
97 28 51
98 20 115
99 77 16
100 43 74
101 25 23
102 65 116
103 90 118
104 2 3
105 66 31
106 78 20
107 45 53
108 96 74
109 96 25
110 31 118
111 50 63
112 102 78
113 92 109
114 36 83
115 17 36
116 52 49
117 68 1
118 46 82
119 115 41
120 44 85
121 83 126
122 104 115
123 58 60
124 58 44
125 108 121
126 79 26
127 24 128
128 66 31
57
100
69
35
74
124
43
19
60
42
97
48
14
34
99
10
2
114
33
45
37
118
98
41
76
68
92
55
32
49
50
75
85
81
71
5
64
125
67
106
109
63
16
13
96
30
3
38
80
44
110
29
54
53
70
21
56
73
101
116
11
115
15
36
51
18
91
119
95
77
27
127
20
120
78
61
72
83
65
111
39
94
52
102
87
47
88
93
58
59
40
12
128
28
31
122
84
62
90
82
117
107
25
86
79
105
26
46
108
89
7
22
123
24
126
9
17
113
6
8
66
23
104
112
4
121
103
